      0/99       10G   0.08979   0.02437   0.03124    0.1454       305       640  0.004962   0.01039  0.001088 0.0001765    0.1122   0.04455   0.03177
      1/99     11.3G   0.08083   0.02485   0.02372    0.1294       169       640    0.0426   0.06892   0.03779  0.009168    0.1045   0.04238   0.02664
      2/99     11.3G   0.06957   0.02353   0.01919    0.1123       221       640    0.3421    0.1472   0.06852   0.01954    0.0952   0.03708   0.02415
      3/99     11.3G   0.06136   0.02251   0.01771    0.1016       319       640      0.35    0.1722   0.08941   0.02842   0.08981   0.03638   0.02322
      4/99     11.3G    0.0693   0.01995   0.01726    0.1065       204       640    0.3509    0.1565   0.07133   0.02038    0.0952    0.0395   0.02255
      5/99     11.3G   0.06255   0.02136   0.01649    0.1004       139       640    0.4319    0.1612    0.1006   0.02641   0.08489   0.04136   0.02215
      6/99     11.3G   0.05861   0.02191   0.01692   0.09744       172       640    0.4149    0.2177     0.125   0.03229    0.0775    0.0436   0.02204
      7/99     11.3G   0.05511   0.02233   0.01597   0.09341       205       640    0.4354    0.2933    0.1549   0.05357    0.0699   0.04444   0.02169
      8/99     11.3G   0.05267   0.02445   0.01551   0.09263       210       640    0.4798    0.2357    0.1695   0.06078   0.07249   0.04156   0.02117
      9/99     11.3G   0.05062   0.02288   0.01456   0.08806       235       640    0.4343    0.3664    0.1842   0.05499   0.07256   0.03872   0.02056
     10/99     11.3G   0.04949   0.02273   0.01435   0.08657       187       640    0.5426    0.3984    0.2805    0.1125   0.06675   0.03949   0.01999
     11/99     11.3G   0.04639    0.0225   0.01313   0.08201       183       640    0.6183    0.3964    0.3268    0.1374   0.06456   0.04054   0.01906
     12/99     11.3G   0.05271   0.02166   0.01244   0.08681       262       640    0.5654    0.2915     0.238   0.06716   0.07461   0.04137   0.01836
     13/99     11.3G   0.04992   0.02192   0.01103   0.08287       180       640    0.6622     0.396    0.3697    0.1681   0.06732   0.03708   0.01789
     14/99     11.3G   0.04731   0.02195  0.009978   0.07923       190       640      0.76    0.4307    0.4338    0.2056   0.06214    0.0367   0.01712
     15/99     11.3G   0.04503   0.02185  0.008862   0.07574        95       640    0.7293     0.453    0.4175    0.1755   0.06671   0.03697    0.0172
     16/99     11.3G   0.04431   0.02163  0.008481   0.07442       258       640    0.7532    0.5074    0.4614    0.2177   0.06306   0.03758   0.01709
     17/99     11.3G   0.04469   0.02147  0.007842     0.074       226       640    0.7346    0.4795    0.4456     0.224   0.06286   0.03832   0.01652
     18/99     11.3G   0.04175   0.02081  0.007334   0.06989       233       640    0.7938    0.5165    0.5026    0.2519   0.06352   0.03856   0.01673
     19/99     11.3G   0.04233   0.02039  0.007126   0.06984       162       640    0.7785    0.4752    0.4663    0.2194   0.06521   0.03938   0.01626
     20/99     11.3G   0.04647    0.0213  0.007726   0.07549       207       640    0.7531    0.4695    0.4685    0.2184   0.06528    0.0372   0.01684
     21/99     11.3G   0.04384   0.02045  0.006934   0.07123       158       640    0.7423    0.4639    0.4492    0.2291   0.06338   0.03978   0.01729
     22/99     11.3G   0.04425   0.02055  0.006782   0.07158       252       640     0.802    0.5172    0.5015    0.2549   0.06183   0.03809   0.01654
     23/99     11.3G   0.04241   0.02061   0.00662   0.06964       194       640     0.788    0.4991    0.4943    0.2487   0.06198   0.03984   0.01743
     24/99     11.3G   0.04112   0.02089  0.006694   0.06871       317       640    0.8304    0.5246    0.5246    0.2655   0.06134     0.039   0.01751
     25/99     11.3G   0.04099   0.01978  0.005696   0.06647       203       640    0.8288    0.5275     0.517    0.2697    0.0622    0.0378    0.0191
     26/99     11.3G    0.0398   0.02071  0.006292    0.0668       180       640    0.8508     0.521    0.5355    0.2703   0.06082    0.0397   0.01671
     27/99     11.3G   0.03945   0.01956  0.006124   0.06514        63       640    0.8411    0.5416    0.5291    0.2654   0.06248   0.03947   0.01767
     28/99     11.3G   0.03926   0.02062  0.006411   0.06628       251       640    0.8227    0.5155    0.5193    0.2693   0.06218   0.03949   0.01669
     29/99     11.3G   0.03771   0.02022  0.006109   0.06404       172       640     0.859    0.5025    0.5332    0.2812   0.06049   0.04052   0.01769
     30/99     11.3G   0.03694   0.01894  0.005827   0.06171       209       640    0.8328     0.554    0.5369     0.294   0.05819   0.03919   0.01875
     31/99     11.3G   0.03763   0.01957  0.005712   0.06291       161       640     0.834    0.5442    0.5347    0.2858   0.05794   0.04076   0.01795
     32/99     11.3G     0.037   0.01956  0.005714   0.06228       181       640    0.8504    0.5503     0.549    0.2972   0.05797   0.04048   0.01673
     33/99     11.3G    0.0367   0.01933  0.005409   0.06144       182       640    0.8499    0.5638    0.5616       0.3   0.05854   0.03979   0.01721
     34/99     11.3G    0.0361   0.01957  0.005631    0.0613       214       640    0.8576    0.5611    0.5605    0.3101   0.05701   0.04028   0.01759
     35/99     11.3G   0.03658   0.01928  0.005279   0.06114        66       640    0.8373     0.556    0.5486    0.2948   0.05743   0.04128    0.0179
     36/99     11.3G   0.03598   0.01945  0.005433   0.06086       109       640    0.8499    0.5773    0.5651    0.2979   0.05683    0.0408   0.01771
     37/99     11.3G   0.03523   0.01911  0.005197   0.05954       144       640    0.8192    0.5639    0.5438    0.2915   0.05674    0.0417   0.01736
     38/99     11.3G   0.03549    0.0192  0.005241   0.05993       239       640    0.8603    0.5514    0.5555    0.3023   0.05613   0.04077   0.01881
     39/99     11.3G   0.03548   0.01898  0.005006   0.05946       206       640    0.8238    0.5558    0.5411    0.2969   0.05618   0.04199   0.01834
     40/99     11.3G   0.03476   0.01902  0.004992   0.05878       277       640    0.8401    0.5686    0.5639    0.3053    0.0561     0.042   0.01693
     41/99     11.3G   0.03428    0.0189  0.004667   0.05785       160       640    0.8386    0.5735    0.5698    0.3079   0.05544   0.04173    0.0172
     42/99     11.3G   0.03424   0.01882  0.004355   0.05742       226       640    0.8499    0.5445     0.548    0.3007   0.05516   0.04212   0.01816
     43/99     11.3G   0.03406   0.01901  0.004705   0.05778       181       640    0.8677    0.5613    0.5584    0.3076   0.05458   0.04099   0.01877
     44/99     11.3G   0.03433   0.01906  0.004504   0.05789       282       640    0.8663    0.5696    0.5726     0.317    0.0545   0.04216   0.01709
     45/99     11.3G   0.03268   0.01863  0.004371   0.05568       185       640    0.8584    0.5635    0.5579    0.3043   0.05471   0.04221    0.0176
     46/99     11.3G   0.03402   0.01822  0.004433   0.05667       217       640    0.8552    0.5727    0.5602      0.31   0.05394   0.04322   0.01698
     47/99     11.3G   0.03293   0.01876  0.004168   0.05586       199       640    0.8693    0.5694      0.57    0.3179   0.05397   0.04235   0.01732
     48/99     11.3G   0.03256    0.0187  0.004252   0.05551       191       640    0.8611    0.5648    0.5665    0.3126   0.05352   0.04164   0.01834
     49/99     11.3G   0.03255   0.01905    0.0042    0.0558       173       640    0.8507    0.5703    0.5667    0.3154   0.05386    0.0412   0.01867
     50/99     11.3G   0.03215   0.01791  0.004109   0.05417       225       640    0.8489     0.563    0.5648    0.3186   0.05327   0.04071   0.01807
     51/99     11.3G   0.03161   0.01817  0.004104   0.05388       197       640    0.8474     0.582    0.5703    0.3206   0.05268   0.04223   0.01773
     52/99     11.3G   0.03162   0.01719   0.00393   0.05274       177       640    0.8825    0.5648    0.5812    0.3279   0.05291   0.04231   0.01737
     53/99     11.3G   0.03169   0.01841  0.003878   0.05397       132       640    0.8461    0.5675    0.5652    0.3186   0.05344   0.04259    0.0185
     54/99     11.3G    0.0318   0.01794   0.00409   0.05383        96       640    0.8625    0.5788    0.5717    0.3213    0.0534   0.04136    0.0181
     55/99     11.3G   0.03127   0.01858   0.00357   0.05342       301       640    0.8721    0.5728    0.5732    0.3256   0.05323   0.04093   0.01748
     56/99     11.3G   0.03184   0.01788  0.003686    0.0534       160       640    0.8705     0.586    0.5801    0.3321   0.05311   0.04221   0.01819
     57/99     11.3G   0.03117   0.01781   0.00375   0.05273       162       640    0.8692    0.5799    0.5762    0.3291   0.05246   0.04149   0.01752
     58/99     11.3G   0.03128   0.01837  0.003902   0.05355       211       640    0.8598    0.5702    0.5733    0.3231   0.05288   0.04158   0.01774
     59/99     11.3G   0.03073   0.01845  0.003541   0.05271       158       640    0.8548    0.5925    0.5789    0.3295   0.05312    0.0412   0.01874
     60/99     11.3G   0.03123   0.01828  0.003315   0.05283        88       640    0.8654     0.583     0.581    0.3332   0.05247   0.04225   0.01781
     61/99     11.3G   0.03075   0.01773  0.003194   0.05167       226       640    0.8442    0.5931    0.5666     0.324   0.05276   0.04142   0.01884
     62/99     11.3G   0.02991   0.01826  0.003298   0.05147       161       640    0.8612    0.5925    0.5802    0.3332   0.05221    0.0417   0.01788
     63/99     11.3G   0.03023   0.01757  0.003594    0.0514       181       640    0.8691    0.5823    0.5771    0.3323   0.05238   0.04153   0.01865
     64/99     11.3G   0.02997   0.01843  0.003387   0.05178       128       640    0.8432    0.6021    0.5769     0.329   0.05236   0.04196   0.01837
     65/99     11.3G      0.03   0.01789  0.003205   0.05109       155       640    0.8693    0.5905    0.5861    0.3337   0.05182   0.04206   0.01793
     66/99     11.3G   0.02972   0.01858  0.003439   0.05174       187       640    0.8637    0.5999    0.5818      0.33   0.05175   0.04187   0.01855
     67/99     11.3G   0.02984   0.01758  0.002935   0.05035       145       640    0.8539    0.6038    0.5774    0.3298   0.05161     0.042   0.01827
     68/99     11.3G   0.03013   0.01862  0.003276   0.05203       141       640    0.8678    0.5892    0.5817    0.3354   0.05175   0.04179   0.01835
     69/99     11.3G   0.03003   0.01808  0.003169   0.05127       311       640    0.8607    0.5933    0.5761    0.3308   0.05171   0.04219   0.01811
     70/99     11.3G   0.02891   0.01707  0.003088   0.04907       229       640    0.8751     0.596    0.5842    0.3337     0.052   0.04225    0.0177
     71/99     11.3G   0.02937   0.01768  0.002909   0.04995       250       640    0.8701     0.595    0.5855    0.3352   0.05193   0.04239   0.01787
     72/99     11.3G   0.02936    0.0178  0.003036   0.05019       134       640    0.8654    0.6042    0.5894    0.3395   0.05165    0.0422   0.01804
     73/99     11.3G   0.02927   0.01696  0.003062   0.04928       209       640    0.8701    0.5914    0.5882    0.3338   0.05187   0.04261   0.01809
     74/99     11.3G   0.02895   0.01637  0.003057   0.04838       286       640    0.8626    0.5861    0.5782    0.3294   0.05171   0.04199   0.01906
     75/99     11.3G   0.02909   0.01703  0.002924   0.04905       178       640    0.8535    0.5991    0.5809    0.3343   0.05154     0.042   0.01939
     76/99     11.3G   0.02896   0.01641  0.002768   0.04813       108       640    0.8645    0.5908    0.5843     0.336   0.05148   0.04202   0.01866
     77/99     11.3G   0.02934   0.01737   0.00301   0.04973       184       640    0.8659    0.5999     0.586    0.3366    0.0515   0.04184   0.01873
     78/99     11.3G    0.0289   0.01717  0.002879   0.04894       125       640    0.8694    0.5956    0.5852    0.3365   0.05147   0.04318   0.01817
     79/99     11.3G   0.02799   0.01776  0.002725   0.04847       287       640    0.8655    0.5888    0.5789    0.3343   0.05167   0.04302   0.01846
     80/99     11.3G   0.02807   0.01757  0.002872   0.04851       133       640    0.8657     0.591    0.5825    0.3345   0.05124   0.04255   0.01879
     81/99     11.3G   0.02874   0.01709  0.003066    0.0489       199       640    0.8698    0.5916    0.5826    0.3348   0.05132   0.04278   0.01888
     82/99     11.3G   0.02858   0.01738  0.002626   0.04858       260       640    0.8647    0.5937    0.5782    0.3337    0.0509   0.04309   0.01835
     83/99     11.3G   0.02781   0.01687  0.003011    0.0477       201       640    0.8644    0.5951     0.579     0.336   0.05101   0.04316    0.0187
     84/99     11.3G   0.02843   0.01666  0.002749   0.04784       155       640    0.8697    0.5977    0.5847     0.338   0.05123   0.04354   0.01794
     85/99     11.3G   0.02803    0.0169  0.002484   0.04741       221       640    0.8815    0.5877    0.5831     0.338    0.0514   0.04282   0.01846
     86/99     11.3G   0.02838   0.01659   0.00271   0.04767       117       640    0.8731    0.5879    0.5805    0.3373   0.05102   0.04315   0.01841
     87/99     11.3G   0.02787   0.01765  0.002567   0.04809       132       640    0.8776     0.589    0.5853    0.3396   0.05091   0.04306   0.01879
     88/99     11.3G   0.02782   0.01657  0.002536   0.04692        94       640    0.8706    0.5951    0.5827    0.3368   0.05086   0.04326   0.01865
     89/99     11.3G   0.02742   0.01724   0.00282   0.04747       210       640    0.8675    0.6083    0.5877    0.3408   0.05111   0.04299   0.01862
     90/99     11.3G   0.02785   0.01706   0.00247   0.04738       245       640    0.8726    0.5896    0.5855    0.3392     0.051   0.04318   0.01876
     91/99     11.3G   0.02761   0.01697  0.002579   0.04716       306       640    0.8713     0.593    0.5834    0.3358   0.05116   0.04324   0.01871
     92/99     11.3G    0.0278   0.01723  0.002596   0.04762       248       640    0.8609    0.5922    0.5764    0.3334   0.05114    0.0433    0.0191
     93/99     11.3G   0.02761   0.01756  0.002522   0.04769       177       640    0.8638    0.5854    0.5802    0.3341   0.05129   0.04335   0.01904
     94/99     11.3G   0.02737   0.01663  0.002439   0.04644       250       640    0.8657    0.5952    0.5847    0.3391   0.05111   0.04266   0.01894
     95/99     11.3G   0.02758   0.01634  0.002638   0.04656       253       640     0.874    0.5874     0.582    0.3375   0.05113   0.04298   0.01916
     96/99     11.3G   0.02756   0.01619  0.002288   0.04604       135       640    0.8776    0.5869    0.5835    0.3389   0.05114   0.04333   0.01862
     97/99     11.3G   0.02728   0.01703  0.002464   0.04677       176       640    0.8736     0.586    0.5848      0.34   0.05097   0.04329   0.01899
     98/99     11.3G   0.02727   0.01668  0.002363   0.04631       250       640    0.8726    0.5814    0.5825    0.3369   0.05097   0.04313    0.0189
     99/99     11.3G   0.02749   0.01697  0.002512   0.04697       136       640    0.8552       0.6    0.5802    0.3379   0.05116   0.04306   0.01899
