2 0.27447916666666666 0.33567708333333335 0.04114583333333333 0.07994791666666666
2 0.35494791666666664 0.3927083333333333 0.04244791666666667 0.0765625
2 0.45807291666666666 0.45234375 0.04869791666666667 0.07786458333333333
2 0.2677083333333333 0.10104166666666667 0.06067708333333333 0.10885416666666667
2 0.3375 0.14713541666666666 0.0625 0.10338541666666666
2 0.4140625 0.16119791666666666 0.06302083333333333 0.17994791666666668
2 0.4947916666666667 0.24322916666666666 0.06822916666666666 0.13567708333333334
2 0.5817708333333333 0.290625 0.04869791666666667 0.15677083333333333
2 0.6848958333333334 0.3528645833333333 0.05755208333333333 0.14765625
2 0.8013020833333333 0.4432291666666667 0.07760416666666667 0.1421875
2 0.915625 0.5033854166666667 0.07994791666666666 0.14453125