2 0.45651041666666664 0.21223958333333334 0.026822916666666665 0.046614583333333334
3 0.30572916666666666 0.22786458333333334 0.09635416666666667 0.011197916666666667
3 0.32838541666666665 0.3138020833333333 0.084375 0.019010416666666665
2 0.596875 0.37161458333333336 0.038802083333333334 0.054427083333333334
3 0.3307291666666667 0.39401041666666664 0.07864583333333333 0.025520833333333333
2 0.6473958333333333 0.415625 0.04739583333333333 0.07552083333333333
3 0.3731770833333333 0.4356770833333333 0.12135416666666667 0.030989583333333334
3 0.4205729166666667 0.5216145833333333 0.10494791666666667 0.0234375
2 0.7231770833333333 0.5888020833333333 0.04375 0.10234375
2 0.8057291666666667 0.61171875 0.05364583333333333 0.09010416666666667
3 0.4401041666666667 0.6260416666666667 0.1125 0.027864583333333335
3 0.50625 0.7322916666666667 0.13255208333333332 0.046614583333333334