2 0.8822916666666667 0.92734375 0.020833333333333332 0.07135416666666666
0 0.0734375 0.9296875 0.0125 0.022135416666666668
3 0.7739583333333333 0.9328125 0.03229166666666667 0.084375
2 0.044270833333333336 0.9375 0.034375 0.047135416666666666
2 0.9075520833333334 0.9393229166666667 0.04114583333333333 0.09713541666666667
2 0.01328125 0.9421875 0.024479166666666666 0.047135416666666666
0 0.03177083333333333 0.9494791666666667 0.010416666666666666 0.013802083333333333
2 0.0828125 0.9505208333333334 0.03854166666666667 0.09791666666666667
6 0.3958333333333333 0.11770833333333333 0.0125 0.0203125
0 0.31979166666666664 0.12395833333333334 0.010416666666666666 0.0203125
2 0.39557291666666666 0.128125 0.0296875 0.04895833333333333
2 0.3229166666666667 0.13619791666666667 0.03854166666666667 0.042708333333333334
6 0.42734375 0.19114583333333332 0.009895833333333333 0.017708333333333333
2 0.43359375 0.19270833333333334 0.028645833333333332 0.06484375
0 0.3182291666666667 0.22682291666666668 0.011458333333333333 0.022135416666666668
2 0.32395833333333335 0.228125 0.03333333333333333 0.05286458333333333
0 0.4703125 0.25286458333333334 0.010416666666666666 0.022135416666666668
2 0.5841145833333333 0.25416666666666665 0.05260416666666667 0.08984375
2 0.47213541666666664 0.25729166666666664 0.0328125 0.05364583333333333
6 0.5872395833333334 0.2643229166666667 0.011979166666666667 0.021354166666666667
2 0.37838541666666664 0.28046875 0.06197916666666667 0.061197916666666664
0 0.35625 0.2838541666666667 0.010416666666666666 0.023177083333333334
0 0.30442708333333335 0.31302083333333336 0.0140625 0.022135416666666668
6 0.44479166666666664 0.3385416666666667 0.011458333333333333 0.01953125
2 0.32734375 0.35234375 0.06927083333333334 0.11197916666666667
6 0.378125 0.35833333333333334 0.010416666666666666 0.0203125
3 0.4421875 0.35833333333333334 0.059375 0.10364583333333334
2 0.38307291666666665 0.35963541666666665 0.033854166666666664 0.058333333333333334
2 0.24947916666666667 0.45598958333333334 0.03229166666666667 0.047135416666666666
0 0.23723958333333334 0.4583333333333333 0.0109375 0.018489583333333334
6 0.9614583333333333 0.6161458333333333 0.011458333333333333 0.01953125
2 0.48723958333333334 0.06197916666666667 0.025520833333333333 0.07395833333333333
6 0.4908854166666667 0.06197916666666667 0.009895833333333333 0.018489583333333334
2 0.96171875 0.6302083333333334 0.050520833333333334 0.08619791666666667
2 0.42890625 0.6638020833333333 0.028645833333333332 0.0796875
6 0.42578125 0.6736979166666667 0.011979166666666667 0.017708333333333333
2 0.4388020833333333 0.74296875 0.028645833333333332 0.058333333333333334
0 0.43255208333333334 0.7588541666666667 0.011979166666666667 0.021354166666666667
2 0.5796875 0.8046875 0.028125 0.05364583333333333
0 0.5815104166666667 0.8143229166666667 0.0109375 0.01953125
2 0.5255208333333333 0.88515625 0.028125 0.057291666666666664
2 0.66015625 0.8861979166666667 0.03177083333333333 0.0796875
6 0.3611979166666667 0.09036458333333333 0.009895833333333333 0.017708333333333333
6 0.528125 0.9013020833333333 0.0125 0.021354166666666667
2 0.36640625 0.09114583333333333 0.034895833333333334 0.05651041666666667
6 0.6692708333333334 0.9083333333333333 0.011458333333333333 0.022135416666666668
6 0.8877604166666667 0.9125 0.011979166666666667 0.01953125
6 0.91796875 0.9143229166666667 0.009895833333333333 0.021354166666666667