2 0.4588541666666667 0.93359375 0.07395833333333333 0.13177083333333334
6 0.45729166666666665 0.93984375 0.019791666666666666 0.04635416666666667
3 0.34427083333333336 0.9497395833333333 0.06354166666666666 0.09947916666666666
0 0.4609375 0.2643229166666667 0.020833333333333332 0.0453125
2 0.0953125 0.2838541666666667 0.12083333333333333 0.14348958333333334
6 0.11666666666666667 0.3177083333333333 0.027083333333333334 0.04453125
5 0.46015625 0.34036458333333336 0.1171875 0.225
3 0.4140625 0.5541666666666667 0.13125 0.165625
3 0.27109375 0.6416666666666667 0.0828125 0.14817708333333332
0 0.50546875 0.7481770833333333 0.0234375 0.04453125
3 0.31536458333333334 0.7486979166666666 0.1328125 0.1953125
0 0.45859375 0.7572916666666667 0.018229166666666668 0.038802083333333334
2 0.46953125 0.784375 0.043229166666666666 0.10364583333333334
2 0.5294270833333333 0.8333333333333334 0.08489583333333334 0.2796875