2 0.48541666666666666 0.9302083333333333 0.04895833333333333 0.05651041666666667
6 0.48984375 0.93984375 0.008854166666666666 0.0203125
2 0.596875 0.5572916666666666 0.11145833333333334 0.05364583333333333
2 0.6828125 0.559375 0.07708333333333334 0.14817708333333332
0 0.575 0.5596354166666667 0.013541666666666667 0.023177083333333334
3 0.48203125 0.5822916666666667 0.0734375 0.14635416666666667
6 0.65859375 0.596875 0.011979166666666667 0.021354166666666667
0 0.53359375 0.6231770833333333 0.015104166666666667 0.022135416666666668
2 0.5533854166666666 0.6333333333333333 0.10989583333333333 0.061197916666666664
2 0.6802083333333333 0.63984375 0.0875 0.14817708333333332
0 0.65625 0.6760416666666667 0.0125 0.0203125
3 0.5776041666666667 0.6838541666666667 0.04895833333333333 0.07317708333333334
3 0.5015625 0.6981770833333333 0.07395833333333333 0.08333333333333333
0 0.4744791666666667 0.7072916666666667 0.010416666666666666 0.018489583333333334
6 0.57109375 0.7078125 0.0140625 0.023177083333333334
3 0.5796875 0.7611979166666667 0.07083333333333333 0.08151041666666667
6 0.55234375 0.78203125 0.0140625 0.023177083333333334