0 0.5684895833333333 0.175 0.018229166666666668 0.03697916666666667
2 0.6075520833333333 0.22369791666666666 0.1421875 0.134375
6 0.5341145833333333 0.28020833333333334 0.018229166666666668 0.03984375
2 0.5682291666666667 0.28463541666666664 0.09166666666666666 0.07864583333333333
2 0.6640625 0.37786458333333334 0.140625 0.06666666666666667
6 0.4674479166666667 0.3802083333333333 0.0171875 0.034375
2 0.7401041666666667 0.3815104166666667 0.11458333333333333 0.11119791666666666
0 0.61875 0.3875 0.019791666666666666 0.034375
3 0.5046875 0.3875 0.10416666666666667 0.08802083333333334
6 0.7231770833333333 0.4 0.021354166666666667 0.03333333333333333
0 0.4588541666666667 0.4635416666666667 0.022916666666666665 0.03619791666666667
2 0.81484375 0.471875 0.16614583333333333 0.09166666666666666
2 0.5046875 0.4744791666666667 0.15416666666666667 0.06953125
0 0.7729166666666667 0.490625 0.01875 0.038802083333333334
2 0.5872395833333334 0.5588541666666667 0.15677083333333333 0.08619791666666667
6 0.5440104166666667 0.5703125 0.0203125 0.03515625
6 0.571875 0.059375 0.01875 0.03515625
2 0.6028645833333334 0.05963541666666667 0.11822916666666666 0.10286458333333333
5 0.7984375 0.73515625 0.020833333333333332 0.03333333333333333
5 0.8346354166666666 0.7471354166666667 0.15364583333333334 0.11302083333333333
0 0.30911458333333336 0.8260416666666667 0.021354166666666667 0.031510416666666666
5 0.28671875 0.86796875 0.12552083333333333 0.15833333333333333