3 0.66796875 0.17083333333333334 0.0890625 0.06770833333333333
6 0.6309895833333333 0.18802083333333333 0.015104166666666667 0.023958333333333335
2 0.36354166666666665 0.4244791666666667 0.10520833333333333 0.03984375
6 0.334375 0.4309895833333333 0.013541666666666667 0.021354166666666667
2 0.21640625 0.5463541666666667 0.1109375 0.05546875
6 0.18229166666666666 0.5510416666666667 0.0125 0.018489583333333334
2 0.3151041666666667 0.5565104166666667 0.10625 0.07213541666666666
3 0.6059895833333333 0.5666666666666667 0.07864583333333333 0.057291666666666664
2 0.4505208333333333 0.5703125 0.10729166666666666 0.057291666666666664
6 0.284375 0.5713541666666667 0.011458333333333333 0.0203125
6 0.4234375 0.5864583333333333 0.011458333333333333 0.017708333333333333
2 0.62109375 0.671875 0.11822916666666666 0.075
6 0.5888020833333333 0.6846354166666667 0.015104166666666667 0.026822916666666665