2 0.40572916666666664 0.98671875 0.030208333333333334 0.025520833333333333
0 0.06276041666666667 0.4671875 0.013020833333333334 0.025
2 0.08463541666666667 0.4744791666666667 0.058854166666666666 0.065625
6 0.3177083333333333 0.5221354166666666 0.0125 0.023958333333333335
2 0.1140625 0.534375 0.04375 0.06302083333333333
0 0.103125 0.5380208333333333 0.013541666666666667 0.018489583333333334
2 0.33046875 0.5486979166666667 0.0609375 0.13802083333333334
6 0.1734375 0.5588541666666667 0.013541666666666667 0.028645833333333332
2 0.2682291666666667 0.5828125 0.04479166666666667 0.11380208333333333
2 0.19166666666666668 0.5846354166666666 0.10416666666666667 0.1453125
6 0.43255208333333334 0.60703125 0.015104166666666667 0.021354166666666667
2 0.4348958333333333 0.6143229166666667 0.052083333333333336 0.09348958333333333
6 0.26276041666666666 0.6260416666666667 0.0140625 0.026041666666666668
2 0.5736979166666667 0.6322916666666667 0.04114583333333333 0.06666666666666667
0 0.5763020833333333 0.6434895833333333 0.011979166666666667 0.0296875
0 0.20338541666666668 0.653125 0.011979166666666667 0.026822916666666665
0 0.16145833333333334 0.66796875 0.0125 0.028645833333333332
6 0.33880208333333334 0.6684895833333333 0.015104166666666667 0.023958333333333335
2 0.3455729166666667 0.6861979166666666 0.07760416666666667 0.07786458333333333
2 0.21822916666666667 0.6947916666666667 0.0625 0.13802083333333334
2 0.17317708333333334 0.7114583333333333 0.043229166666666666 0.134375
2 0.14453125 0.8606770833333334 0.0328125 0.07317708333333334
0 0.35078125 0.86484375 0.013020833333333334 0.026041666666666668
6 0.14401041666666667 0.8653645833333333 0.011979166666666667 0.025
2 0.38385416666666666 0.8796875 0.10520833333333333 0.08880208333333334