0 0.3377604166666667 0.21953125 0.0171875 0.0296875
2 0.37864583333333335 0.228125 0.11979166666666667 0.10104166666666667
2 0.23411458333333332 0.22864583333333333 0.0671875 0.11666666666666667
5 0.6020833333333333 0.030208333333333334 0.1 0.058333333333333334
0 0.5640625 0.03229166666666667 0.013541666666666667 0.03333333333333333
2 0.43255208333333334 0.3546875 0.12864583333333332 0.09635416666666667
6 0.39505208333333336 0.3736979166666667 0.015104166666666667 0.021354166666666667
6 0.2591145833333333 0.3828125 0.016145833333333335 0.028645833333333332
3 0.30104166666666665 0.38619791666666664 0.11666666666666667 0.0703125
2 0.5138020833333333 0.478125 0.12864583333333332 0.10833333333333334
0 0.4895833333333333 0.5072916666666667 0.017708333333333333 0.031510416666666666
2 0.18098958333333334 0.5190104166666667 0.10885416666666667 0.05286458333333333
2 0.35494791666666664 0.5453125 0.1109375 0.11848958333333333
0 0.3125 0.5731770833333333 0.01875 0.023958333333333335
5 0.615625 0.5838541666666667 0.11458333333333333 0.14348958333333334
3 0.25234375 0.609375 0.09739583333333333 0.08697916666666666
0 0.5674479166666667 0.6236979166666666 0.018229166666666668 0.03046875
2 0.403125 0.06822916666666666 0.11770833333333333 0.13645833333333332
5 0.25442708333333336 0.7106770833333333 0.1203125 0.06197916666666667
0 0.203125 0.7239583333333334 0.013541666666666667 0.0296875
6 0.36770833333333336 0.08645833333333333 0.015625 0.03046875