2 0.42135416666666664 0.12682291666666667 0.109375 0.07395833333333333
6 0.46927083333333336 0.13984375 0.013541666666666667 0.026041666666666668
2 0.73671875 0.02734375 0.12135416666666667 0.0546875
6 0.5158854166666667 0.4119791666666667 0.015104166666666667 0.027864583333333335
2 0.6354166666666666 0.41432291666666665 0.14479166666666668 0.08619791666666667
0 0.6736979166666667 0.42213541666666665 0.015104166666666667 0.027864583333333335
3 0.9015625 0.43515625 0.128125 0.11119791666666666
2 0.48046875 0.4361979166666667 0.1359375 0.08697916666666666
0 0.77734375 0.005208333333333333 0.0140625 0.01015625
6 0.81796875 0.475 0.019270833333333334 0.03697916666666667
2 0.7875 0.4856770833333333 0.09479166666666666 0.13619791666666667
0 0.6450520833333333 0.5643229166666667 0.019270833333333334 0.03046875
2 0.6184895833333334 0.5763020833333333 0.1046875 0.10104166666666667
2 0.7252604166666666 0.5796875 0.11822916666666666 0.05546875
0 0.7591145833333334 0.5822916666666667 0.016145833333333335 0.03333333333333333
0 0.753125 0.06536458333333334 0.014583333333333334 0.023177083333333334
0 0.5682291666666667 0.728125 0.015625 0.03229166666666667
5 0.5234375 0.7291666666666666 0.109375 0.06015625
5 0.7177083333333333 0.07734375 0.13333333333333333 0.065625
0 0.9489583333333333 0.78984375 0.019791666666666666 0.031510416666666666
5 0.903125 0.8369791666666667 0.11145833333333334 0.12786458333333334