5 0.43307291666666664 0.09817708333333333 0.0796875 0.07213541666666666
6 0.8369791666666667 0.011197916666666667 0.015625 0.022135416666666668
2 0.35 0.015885416666666666 0.027083333333333334 0.03177083333333333
6 0.3377604166666667 0.1796875 0.009895833333333333 0.023958333333333335
2 0.321875 0.020833333333333332 0.03229166666666667 0.041666666666666664
2 0.3625 0.20885416666666667 0.08958333333333333 0.08619791666666667
3 0.20260416666666667 0.25833333333333336 0.03854166666666667 0.08515625
2 0.24661458333333333 0.28098958333333335 0.05677083333333333 0.115625
0 0.1671875 0.3072916666666667 0.010416666666666666 0.022135416666666668
2 0.14505208333333333 0.3184895833333333 0.0859375 0.09817708333333333
2 0.82578125 0.032552083333333336 0.043229166666666666 0.06510416666666667
3 0.31536458333333334 0.3671875 0.04635416666666667 0.11380208333333333
3 0.2713541666666667 0.36770833333333336 0.04791666666666667 0.09817708333333333
6 0.22864583333333333 0.4328125 0.011458333333333333 0.01953125
2 0.14401041666666667 0.43463541666666666 0.0171875 0.047135416666666666
6 0.14270833333333333 0.43645833333333334 0.011458333333333333 0.017708333333333333
2 0.23098958333333333 0.453125 0.04010416666666667 0.1046875
0 0.18854166666666666 0.46197916666666666 0.009375 0.0203125
2 0.19375 0.4981770833333333 0.022916666666666665 0.1
0 0.478125 0.6536458333333334 0.0125 0.027864583333333335
0 0.18958333333333333 0.6856770833333333 0.0125 0.026822916666666665
5 0.21796875 0.7114583333333333 0.07135416666666666 0.11953125
5 0.49166666666666664 0.71953125 0.046875 0.15546875
0 0.4166666666666667 0.08854166666666667 0.009375 0.023177083333333334