2 0.4828125 0.9846354166666667 0.08333333333333333 0.03046875
2 0.5484375 0.14036458333333332 0.103125 0.10286458333333333
6 0.5731770833333333 0.17916666666666667 0.013020833333333334 0.021354166666666667
2 0.7908854166666667 0.390625 0.05260416666666667 0.15364583333333334
0 0.79140625 0.43697916666666664 0.0109375 0.022135416666666668
2 0.6322916666666667 0.484375 0.06354166666666666 0.14270833333333333
2 0.8924479166666667 0.4953125 0.03697916666666667 0.0703125
6 0.653125 0.5083333333333333 0.010416666666666666 0.023958333333333335
6 0.89296875 0.5184895833333333 0.0109375 0.013020833333333334
3 0.7942708333333334 0.5505208333333333 0.06354166666666666 0.12682291666666667
2 0.8971354166666666 0.58515625 0.03697916666666667 0.09635416666666667
0 0.90625 0.6166666666666667 0.008333333333333333 0.016666666666666666
2 0.6994791666666667 0.6494791666666667 0.03958333333333333 0.12135416666666667
3 0.8489583333333334 0.6653645833333334 0.053125 0.16380208333333332
3 0.7463541666666667 0.6875 0.046875 0.09713541666666667
6 0.6966145833333334 0.6958333333333333 0.009895833333333333 0.023177083333333334
3 0.7908854166666667 0.7208333333333333 0.0546875 0.12682291666666667
3 0.8049479166666667 0.7559895833333333 0.05572916666666667 0.14713541666666666
0 0.625 0.8171875 0.009375 0.01953125
2 0.5875 0.8177083333333334 0.08645833333333333 0.08333333333333333