2 0.3971354166666667 0.21848958333333332 0.0796875 0.06302083333333333
3 0.6283854166666667 0.26953125 0.0546875 0.08880208333333334
0 0.75703125 0.27265625 0.0109375 0.021354166666666667
2 0.7940104166666667 0.28098958333333335 0.14010416666666667 0.13046875
6 0.16875 0.30833333333333335 0.020833333333333332 0.023958333333333335
3 0.521875 0.31484375 0.1 0.12213541666666666
2 0.146875 0.3333333333333333 0.12604166666666666 0.090625
3 0.5833333333333334 0.34348958333333335 0.065625 0.11484375
6 0.33489583333333334 0.3802083333333333 0.013541666666666667 0.028645833333333332
2 0.3028645833333333 0.39036458333333335 0.1234375 0.06380208333333333
3 0.646875 0.44453125 0.090625 0.08515625
0 0.6796875 0.684375 0.014583333333333334 0.026041666666666668
5 0.6744791666666666 0.7356770833333334 0.05 0.17135416666666667
5 0.43984375 0.8578125 0.03177083333333333 0.06953125
0 0.4356770833333333 0.86015625 0.009895833333333333 0.023958333333333335