0 0.45390625 0.34713541666666664 0.0109375 0.018489583333333334
2 0.42291666666666666 0.35520833333333335 0.10625 0.06015625
3 0.54453125 0.4010416666666667 0.0578125 0.05
3 0.571875 0.46015625 0.057291666666666664 0.09453125
6 0.42604166666666665 0.48333333333333334 0.011458333333333333 0.018489583333333334
2 0.40572916666666664 0.48802083333333335 0.10208333333333333 0.06666666666666667
3 0.5229166666666667 0.5421875 0.036458333333333336 0.09713541666666667
2 0.471875 0.5486979166666667 0.05416666666666667 0.051041666666666666
0 0.37838541666666664 0.5864583333333333 0.011979166666666667 0.01953125
2 0.35989583333333336 0.5916666666666667 0.08020833333333334 0.06848958333333334
6 0.5401041666666667 0.621875 0.010416666666666666 0.021354166666666667
2 0.4973958333333333 0.6328125 0.09583333333333334 0.06015625