2 0.5333333333333333 0.9390625 0.06458333333333334 0.12083333333333333
6 0.2875 0.09765625 0.020833333333333332 0.0453125
2 0.31197916666666664 0.14296875 0.084375 0.13619791666666667
0 0.5328125 0.4921875 0.020833333333333332 0.047135416666666666
5 0.5729166666666666 0.5143229166666666 0.14791666666666667 0.1953125
2 0.18671875 0.5296875 0.1109375 0.14453125
6 0.3645833333333333 0.05546875 0.022916666666666665 0.0296875
6 0.2140625 0.5731770833333333 0.021875 0.031510416666666666
5 0.3651041666666667 0.06015625 0.065625 0.11302083333333333
3 0.48463541666666665 0.7346354166666667 0.09947916666666666 0.18802083333333333
6 0.4515625 0.79453125 0.01875 0.038802083333333334
3 0.3684895833333333 0.840625 0.07135416666666666 0.21119791666666668
3 0.38697916666666665 0.8703125 0.13125 0.1
0 0.5744791666666667 0.8861979166666667 0.022916666666666665 0.040625
2 0.5791666666666667 0.91171875 0.07916666666666666 0.17552083333333332
0 0.5356770833333333 0.9213541666666667 0.0171875 0.04635416666666667