0 0.5236979166666667 0.10963541666666667 0.0140625 0.03229166666666667
5 0.48151041666666666 0.11953125 0.16510416666666666 0.07786458333333333
6 0.42890625 0.24348958333333334 0.0171875 0.03333333333333333
2 0.38385416666666666 0.2518229166666667 0.13854166666666667 0.08151041666666667
2 0.41380208333333335 0.36380208333333336 0.14114583333333333 0.08697916666666666
3 0.5901041666666667 0.36484375 0.090625 0.19817708333333334
0 0.4510416666666667 0.38515625 0.019791666666666666 0.031510416666666666
2 0.4203125 0.44635416666666666 0.15625 0.0703125
6 0.4596354166666667 0.4471354166666667 0.015104166666666667 0.0296875
2 0.32838541666666665 0.51015625 0.0546875 0.08151041666666667
6 0.33229166666666665 0.51015625 0.01875 0.031510416666666666
0 0.5455729166666666 0.53046875 0.028645833333333332 0.03697916666666667
2 0.54296875 0.540625 0.09947916666666666 0.10182291666666667
6 0.4390625 0.5416666666666666 0.020833333333333332 0.03515625
2 0.40859375 0.5703125 0.14947916666666666 0.11484375
2 0.24713541666666666 0.6481770833333333 0.1265625 0.13333333333333333
0 0.27265625 0.67734375 0.018229166666666668 0.03046875
0 0.7588541666666667 0.7861979166666667 0.011458333333333333 0.031510416666666666
5 0.7138020833333333 0.8309895833333333 0.11510416666666666 0.12682291666666667