2 0.5169270833333334 0.13645833333333332 0.0390625 0.075
0 0.5145833333333333 0.13697916666666668 0.010416666666666666 0.0203125
3 0.5619791666666667 0.60703125 0.06354166666666666 0.11197916666666667
3 0.6744791666666666 0.6864583333333333 0.084375 0.06197916666666667
6 0.603125 0.6903645833333333 0.008333333333333333 0.017708333333333333
2 0.5067708333333333 0.7078125 0.0625 0.12864583333333332
2 0.56953125 0.7130208333333333 0.03697916666666667 0.048177083333333336
0 0.5671875 0.7143229166666667 0.0125 0.023177083333333334
2 0.6341145833333334 0.7260416666666667 0.06822916666666666 0.08880208333333334
6 0.4947916666666667 0.7380208333333333 0.008333333333333333 0.018489583333333334
3 0.540625 0.7708333333333334 0.04479166666666667 0.13619791666666667
3 0.5825520833333333 0.7822916666666667 0.08072916666666667 0.09453125