2 0.8223958333333333 0.934375 0.03958333333333333 0.057291666666666664
6 0.8315104166666667 0.9361979166666666 0.009895833333333333 0.023958333333333335
6 0.47265625 0.10052083333333334 0.0109375 0.021354166666666667
2 0.47734375 0.11901041666666666 0.04635416666666667 0.06380208333333333
0 0.002864583333333333 0.3671875 0.005729166666666666 0.015625
2 0.018489583333333334 0.3697916666666667 0.03697916666666667 0.04348958333333333
2 0.017447916666666667 0.44036458333333334 0.034895833333333334 0.058333333333333334
0 0.009375 0.44114583333333335 0.0125 0.01953125
2 0.9783854166666667 0.47109375 0.0421875 0.049479166666666664
6 0.9713541666666666 0.47552083333333334 0.011458333333333333 0.01953125
3 0.9348958333333334 0.49296875 0.04895833333333333 0.075
6 0.9515625 0.4953125 0.009375 0.016666666666666666
0 0.018229166666666668 0.5052083333333334 0.010416666666666666 0.015625
2 0.030729166666666665 0.50546875 0.052083333333333336 0.059375
2 0.9690104166666667 0.5583333333333333 0.0453125 0.06302083333333333
6 0.98359375 0.5619791666666667 0.0140625 0.023958333333333335
2 0.4625 0.7869791666666667 0.042708333333333334 0.0703125
6 0.45807291666666666 0.8036458333333333 0.0109375 0.0203125
2 0.14505208333333333 0.8833333333333333 0.04010416666666667 0.057291666666666664
0 0.13828125 0.890625 0.0140625 0.0203125
0 0.42161458333333335 0.8911458333333333 0.009895833333333333 0.015625
2 0.43463541666666666 0.9 0.058854166666666666 0.038802083333333334