0 0.13984375 0.09583333333333334 0.04635416666666667 0.09713541666666667
6 0.371875 0.1125 0.04791666666666667 0.10104166666666667
2 0.7752604166666667 0.14713541666666666 0.15572916666666667 0.23151041666666666
6 0.5481770833333334 0.1703125 0.03802083333333333 0.07604166666666666
2 0.5619791666666667 0.20963541666666666 0.13645833333333332 0.15833333333333333
2 0.21901041666666668 0.23697916666666666 0.2140625 0.38697916666666665
0 0.51875 0.25729166666666664 0.04479166666666667 0.1
2 0.39947916666666666 0.2708333333333333 0.15104166666666666 0.41770833333333335
2 0.5278645833333333 0.4981770833333333 0.1640625 0.6221354166666667
2 0.23020833333333332 0.07083333333333333 0.08333333333333333 0.14166666666666666
3 0.8557291666666667 0.72890625 0.21770833333333334 0.5411458333333333
6 0.7986979166666667 0.08151041666666667 0.044270833333333336 0.09270833333333334