2 0.0265625 0.9666666666666667 0.052083333333333336 0.06484375
0 0.02421875 0.98203125 0.011979166666666667 0.021354166666666667
2 0.5755208333333334 0.2986979166666667 0.08541666666666667 0.06380208333333333
6 0.5557291666666667 0.3072916666666667 0.0125 0.022135416666666668
6 0.6348958333333333 0.3802083333333333 0.010416666666666666 0.025
2 0.64765625 0.38567708333333334 0.0734375 0.058333333333333334
6 0.5502604166666667 0.4361979166666667 0.0109375 0.022135416666666668
2 0.5729166666666666 0.44166666666666665 0.059375 0.06484375
2 0.9895833333333334 0.45546875 0.019791666666666666 0.07552083333333333
2 0.66015625 0.48463541666666665 0.0671875 0.06770833333333333
6 0.6395833333333333 0.4940104166666667 0.0125 0.01953125
6 0.559375 0.5458333333333333 0.011458333333333333 0.021354166666666667
2 0.9424479166666667 0.5690104166666666 0.07864583333333333 0.08802083333333334
2 0.5953125 0.5760416666666667 0.09375 0.08880208333333334
0 0.9510416666666667 0.5822916666666667 0.010416666666666666 0.022135416666666668