5 0.64609375 0.10130208333333333 0.13385416666666666 0.07317708333333334
6 0.42734375 0.11067708333333333 0.0109375 0.026822916666666665
2 0.6791666666666667 0.026041666666666668 0.07291666666666667 0.05182291666666667
2 0.56171875 0.3697916666666667 0.13802083333333334 0.12135416666666667
0 0.5963541666666666 0.4010416666666667 0.014583333333333334 0.031510416666666666
6 0.44166666666666665 0.4375 0.016666666666666666 0.03619791666666667
2 0.4127604166666667 0.43984375 0.13177083333333334 0.08333333333333333
6 0.7591145833333334 0.5005208333333333 0.0171875 0.025
2 0.7184895833333333 0.5114583333333333 0.0953125 0.07317708333333334
2 0.6174479166666667 0.5510416666666667 0.11822916666666666 0.1296875
0 0.6526041666666667 0.5713541666666667 0.0125 0.0296875
2 0.5356770833333333 0.5869791666666667 0.11197916666666667 0.05364583333333333
0 0.5697916666666667 0.5875 0.013541666666666667 0.023177083333333334
0 0.86015625 0.5916666666666667 0.0171875 0.0296875
3 0.7765625 0.5958333333333333 0.08333333333333333 0.18046875
2 0.38645833333333335 0.0625 0.096875 0.125
2 0.8481770833333333 0.6239583333333333 0.0609375 0.18515625
5 0.4622395833333333 0.7135416666666666 0.10677083333333333 0.07135416666666666
0 0.5059895833333333 0.721875 0.0140625 0.03046875
0 0.8825520833333333 0.8260416666666667 0.0140625 0.027864583333333335
5 0.8359375 0.84453125 0.11666666666666667 0.0796875
0 0.6893229166666667 0.090625 0.018229166666666668 0.026041666666666668