0 0.49375 0.10546875 0.009375 0.022135416666666668
2 0.49453125 0.12265625 0.025520833333333333 0.05651041666666667
6 0.04401041666666667 0.3846354166666667 0.013020833333333334 0.015625
2 0.04765625 0.38619791666666664 0.044270833333333336 0.06302083333333333
2 0.04791666666666667 0.46380208333333334 0.06770833333333333 0.06848958333333334
6 0.058333333333333334 0.4703125 0.0125 0.0203125
0 0.9505208333333334 0.47265625 0.0125 0.01953125
2 0.9588541666666667 0.47942708333333334 0.08125 0.1015625
2 0.05625 0.5614583333333333 0.06458333333333334 0.07317708333333334
6 0.05546875 0.5736979166666667 0.0140625 0.028645833333333332
0 0.9604166666666667 0.5736979166666667 0.013541666666666667 0.015625
2 0.9661458333333334 0.5739583333333333 0.06666666666666667 0.04583333333333333