5 0.09635416666666667 0.9630208333333333 0.05 0.07291666666666667
3 0.50625 0.1171875 0.07916666666666666 0.234375
0 0.52578125 0.1625 0.016145833333333335 0.03984375
2 0.896875 0.17083333333333334 0.19791666666666666 0.2546875
6 0.8635416666666667 0.21536458333333333 0.03125 0.0546875
6 0.5356770833333333 0.32864583333333336 0.019270833333333334 0.040625
2 0.6080729166666666 0.3411458333333333 0.1984375 0.06770833333333333
2 0.23333333333333334 0.3411458333333333 0.16875 0.20651041666666667
0 0.29244791666666664 0.3614583333333333 0.022395833333333334 0.03619791666666667
3 0.44427083333333334 0.440625 0.09375 0.17604166666666668
6 0.4752604166666667 0.48151041666666666 0.0265625 0.05182291666666667
2 0.5221354166666666 0.48880208333333336 0.0609375 0.21302083333333333
6 0.5203125 0.515625 0.020833333333333332 0.040625
2 0.4471354166666667 0.5763020833333333 0.1046875 0.16380208333333332
0 0.47421875 0.6153645833333333 0.028645833333333332 0.05286458333333333
0 0.6744791666666666 0.85 0.026041666666666668 0.04635416666666667
5 0.6354166666666666 0.8888020833333333 0.15 0.22213541666666667