2 0.64296875 0.15885416666666666 0.0796875 0.10833333333333334
2 0.3380208333333333 0.017708333333333333 0.030208333333333334 0.03515625
6 0.6200520833333333 0.18333333333333332 0.011979166666666667 0.022135416666666668
5 0.46953125 0.18463541666666666 0.0640625 0.05651041666666667
2 0.5046875 0.018489583333333334 0.03854166666666667 0.03697916666666667
0 0.4671875 0.18645833333333334 0.0125 0.01953125
6 0.81640625 0.0203125 0.0171875 0.026041666666666668
2 0.30911458333333336 0.022395833333333334 0.030729166666666665 0.04479166666666667
2 0.80703125 0.03697916666666667 0.0453125 0.07395833333333333
2 0.6450520833333333 0.3921875 0.10572916666666667 0.075
0 0.6106770833333334 0.4005208333333333 0.0140625 0.023177083333333334
0 0.64921875 0.478125 0.009895833333333333 0.023177083333333334
3 0.4296875 0.48333333333333334 0.06979166666666667 0.08151041666666667
2 0.6747395833333333 0.4864583333333333 0.09739583333333333 0.051041666666666666
6 0.3234375 0.48932291666666666 0.011458333333333333 0.01953125
3 0.47421875 0.49453125 0.06822916666666666 0.04453125
2 0.2989583333333333 0.4981770833333333 0.09166666666666666 0.07395833333333333
2 0.21927083333333333 0.5130208333333334 0.103125 0.059375
6 0.24348958333333334 0.515625 0.0109375 0.022135416666666668
6 0.14088541666666668 0.5190104166666667 0.009895833333333333 0.023177083333333334
2 0.11744791666666667 0.5333333333333333 0.08802083333333334 0.061197916666666664
3 0.5182291666666666 0.5721354166666667 0.058333333333333334 0.05
0 0.5010416666666667 0.5809895833333333 0.009375 0.017708333333333333
0 0.37473958333333335 0.7755208333333333 0.011979166666666667 0.01953125
5 0.36640625 0.7953125 0.0328125 0.06302083333333333
0 0.5184895833333333 0.8338541666666667 0.011979166666666667 0.021354166666666667
5 0.5130208333333334 0.8458333333333333 0.065625 0.065625