2 0.5182291666666666 0.3528645833333333 0.10208333333333333 0.10546875
0 0.5450520833333333 0.35520833333333335 0.009895833333333333 0.01953125
2 0.026302083333333334 0.37864583333333335 0.05260416666666667 0.08515625
0 0.019270833333333334 0.41302083333333334 0.011458333333333333 0.018489583333333334
0 0.009114583333333334 0.4703125 0.0109375 0.018489583333333334
2 0.01953125 0.5361979166666667 0.0390625 0.15182291666666667
0 0.61875 0.5552083333333333 0.011458333333333333 0.01953125
2 0.590625 0.5559895833333334 0.06666666666666667 0.04895833333333333
2 0.08125 0.5888020833333333 0.07291666666666667 0.06484375
6 0.05286458333333333 0.60703125 0.011979166666666667 0.025
0 0.49192708333333335 0.8653645833333333 0.009895833333333333 0.01953125
2 0.49166666666666664 0.8684895833333334 0.029166666666666667 0.08333333333333333