2 0.3575520833333333 0.9606770833333333 0.07552083333333333 0.07760416666666667
2 0.9942708333333333 0.4114583333333333 0.010416666666666666 0.029166666666666667
0 0.9471354166666667 0.49583333333333335 0.0828125 0.07135416666666666
6 0.98359375 0.49765625 0.011979166666666667 0.01953125
2 0.01640625 0.5171875 0.0328125 0.07682291666666667
6 0.005989583333333334 0.5184895833333333 0.011979166666666667 0.0203125
2 0.6630208333333333 0.8236979166666667 0.04583333333333333 0.11953125
2 0.51640625 0.8369791666666667 0.0390625 0.061197916666666664
0 0.9338541666666667 0.8528645833333334 0.0125 0.0203125
6 0.5169270833333334 0.8588541666666667 0.0109375 0.017708333333333333
2 0.9208333333333333 0.8958333333333334 0.06770833333333333 0.10651041666666666