2 0.7302083333333333 0.9671875 0.029166666666666667 0.05651041666666667
0 0.7333333333333333 0.9778645833333334 0.009375 0.0203125
2 0.640625 0.19114583333333332 0.06458333333333334 0.06015625
6 0.6486979166666667 0.21119791666666668 0.015104166666666667 0.0203125
2 0.6247395833333333 0.2796875 0.08802083333333334 0.10546875
0 0.6046875 0.30234375 0.011458333333333333 0.021354166666666667
2 0.5690104166666666 0.309375 0.04010416666666667 0.1
6 0.5661458333333333 0.325 0.009375 0.0203125
3 0.6658854166666667 0.3796875 0.05260416666666667 0.14270833333333333
3 0.62265625 0.4513020833333333 0.044270833333333336 0.13619791666666667
3 0.58984375 0.46145833333333336 0.0609375 0.14895833333333333
3 0.7229166666666667 0.49296875 0.06666666666666667 0.12135416666666667
2 0.49296875 0.50234375 0.04739583333333333 0.11197916666666667
2 0.8114583333333333 0.54296875 0.04895833333333333 0.13229166666666667
0 0.5091145833333334 0.5434895833333333 0.008854166666666666 0.018489583333333334
3 0.6723958333333333 0.56953125 0.07708333333333334 0.10364583333333334
0 0.80234375 0.5763020833333333 0.013020833333333334 0.017708333333333333
3 0.5307291666666667 0.5856770833333333 0.0625 0.06380208333333333
3 0.6171875 0.60703125 0.04791666666666667 0.10833333333333334
2 0.5877604166666667 0.6166666666666667 0.0390625 0.12395833333333334
6 0.59921875 0.6625 0.0109375 0.03046875
0 0.6544270833333333 0.6846354166666667 0.0109375 0.023177083333333334
2 0.6520833333333333 0.7078125 0.06770833333333333 0.075