2 0.20026041666666666 0.14479166666666668 0.10364583333333334 0.11953125
6 0.16588541666666667 0.16901041666666666 0.0109375 0.021354166666666667
0 0.06484375 0.26067708333333334 0.011979166666666667 0.021354166666666667
2 0.06041666666666667 0.28229166666666666 0.0625 0.08697916666666666
0 0.12604166666666666 0.31015625 0.0125 0.0203125
2 0.13098958333333333 0.3138020833333333 0.033854166666666664 0.06484375
6 0.13151041666666666 0.390625 0.0109375 0.016666666666666666
2 0.14010416666666667 0.4 0.06458333333333334 0.09635416666666667
0 0.23541666666666666 0.4114583333333333 0.011458333333333333 0.015625
2 0.22942708333333334 0.4125 0.0421875 0.05286458333333333
2 0.031510416666666666 0.4125 0.04635416666666667 0.1546875
6 0.021614583333333333 0.46197916666666666 0.011979166666666667 0.022135416666666668
0 0.09921875 0.47734375 0.011979166666666667 0.017708333333333333
2 0.10052083333333334 0.4921875 0.030208333333333334 0.07682291666666667
3 0.0203125 0.4986979166666667 0.040625 0.0453125
2 0.034895833333333334 0.5125 0.06145833333333333 0.15651041666666668
0 0.2234375 0.5263020833333333 0.0125 0.023177083333333334
2 0.20026041666666666 0.53515625 0.0921875 0.059375
0 0.4953125 0.5440104166666667 0.011458333333333333 0.021354166666666667
2 0.4674479166666667 0.5453125 0.10572916666666667 0.06302083333333333
2 0.06770833333333333 0.6153645833333333 0.04895833333333333 0.05286458333333333
6 0.05182291666666667 0.6309895833333333 0.011979166666666667 0.023177083333333334