3 0.1875 0.28984375 0.10625 0.18880208333333334
5 0.36614583333333334 0.030208333333333334 0.10104166666666667 0.06015625
0 0.3533854166666667 0.0421875 0.018229166666666668 0.034375
3 0.23385416666666667 0.453125 0.10208333333333333 0.11953125
0 0.40260416666666665 0.4856770833333333 0.015625 0.025
2 0.425 0.4864583333333333 0.096875 0.08229166666666667
3 0.11171875 0.4875 0.0640625 0.21380208333333334
5 0.65625 0.5065104166666666 0.08541666666666667 0.12213541666666666
3 0.18645833333333334 0.5203125 0.07291666666666667 0.13333333333333333
0 0.62265625 0.546875 0.0171875 0.03046875
2 0.4122395833333333 0.5510416666666667 0.1328125 0.10364583333333334
3 0.21614583333333334 0.575 0.128125 0.05546875
0 0.31666666666666665 0.63203125 0.016666666666666666 0.03619791666666667
2 0.3296875 0.6903645833333333 0.04791666666666667 0.17682291666666666
5 0.34921875 0.9028645833333333 0.16197916666666667 0.10546875
0 0.30026041666666664 0.9059895833333333 0.018229166666666668 0.03046875