6 0.9682291666666667 0.37552083333333336 0.015625 0.026822916666666665
2 0.9630208333333333 0.3796875 0.040625 0.08333333333333333
0 0.00546875 0.415625 0.0109375 0.022135416666666668
2 0.015104166666666667 0.4203125 0.030208333333333334 0.057291666666666664
2 0.9838541666666667 0.45390625 0.03125 0.09322916666666667
2 0.9567708333333333 0.48098958333333336 0.046875 0.07682291666666667
2 0.027083333333333334 0.4921875 0.0375 0.075
0 0.015104166666666667 0.4947916666666667 0.013541666666666667 0.025
6 0.9643229166666667 0.49947916666666664 0.015104166666666667 0.01953125
2 0.9752604166666666 0.5721354166666667 0.0484375 0.06614583333333333
6 0.99140625 0.5861979166666667 0.0140625 0.027864583333333335
5 0.4510416666666667 0.87265625 0.027083333333333334 0.06015625
0 0.44609375 0.8864583333333333 0.011979166666666667 0.023177083333333334