5 0.9763020833333333 0.9450520833333333 0.04635416666666667 0.10885416666666667
0 0.7375 0.22864583333333333 0.016666666666666666 0.03515625
5 0.7908854166666667 0.23645833333333333 0.1515625 0.08802083333333334
0 0.490625 0.027864583333333335 0.019791666666666666 0.038802083333333334
2 0.6359375 0.28020833333333334 0.06979166666666667 0.1546875
6 0.6596354166666667 0.31953125 0.0140625 0.027864583333333335
2 0.77890625 0.4739583333333333 0.15885416666666666 0.10546875
0 0.7346354166666667 0.48515625 0.018229166666666668 0.027864583333333335
2 0.4708333333333333 0.051041666666666666 0.06145833333333333 0.10182291666666667
6 0.6966145833333334 0.5427083333333333 0.011979166666666667 0.023958333333333335
6 0.8184895833333333 0.55 0.019270833333333334 0.03515625
2 0.7984375 0.58984375 0.09166666666666666 0.16119791666666666
0 0.5895833333333333 0.5981770833333333 0.015625 0.027864583333333335
3 0.6971354166666667 0.60703125 0.0515625 0.175
6 0.68984375 0.6260416666666667 0.018229166666666668 0.031510416666666666
5 0.6341145833333334 0.68515625 0.10677083333333333 0.2203125
2 0.721875 0.7041666666666667 0.12395833333333334 0.19713541666666667
0 0.6580729166666667 0.8677083333333333 0.019270833333333334 0.03697916666666667
0 0.9643229166666667 0.9059895833333333 0.0171875 0.023177083333333334
2 0.70078125 0.9153645833333334 0.15885416666666666 0.1453125