5 0.6755208333333333 0.9356770833333333 0.08541666666666667 0.12682291666666667
2 0.46875 0.9432291666666667 0.075 0.1125
5 0.28359375 0.9447916666666667 0.0921875 0.11015625
6 0.4515625 0.9588541666666667 0.013541666666666667 0.03802083333333333
3 0.39791666666666664 0.26953125 0.1 0.190625
0 0.4375 0.33046875 0.017708333333333333 0.03333333333333333
2 0.21380208333333334 0.43515625 0.08697916666666666 0.259375
2 0.7432291666666667 0.4510416666666667 0.115625 0.2203125
0 0.22682291666666668 0.48880208333333336 0.018229166666666668 0.03515625
6 0.7244791666666667 0.5078125 0.019791666666666666 0.03619791666666667
3 0.5979166666666667 0.5143229166666666 0.09791666666666667 0.09348958333333333
3 0.4276041666666667 0.5291666666666667 0.06145833333333333 0.19166666666666668
2 0.3265625 0.56796875 0.09479166666666666 0.15651041666666668
6 0.4375 0.5802083333333333 0.016666666666666666 0.028645833333333332
2 0.44609375 0.6036458333333333 0.07135416666666666 0.09635416666666667
0 0.4609375 0.6138020833333333 0.015625 0.040625
0 0.3229166666666667 0.6263020833333334 0.021875 0.023177083333333334
3 0.49557291666666664 0.63515625 0.07552083333333333 0.11666666666666667
6 0.471875 0.6653645833333334 0.011458333333333333 0.03046875
0 0.6697916666666667 0.88984375 0.01875 0.03333333333333333
0 0.30026041666666664 0.9197916666666667 0.018229166666666668 0.03229166666666667