0 0.10755208333333334 0.9848958333333333 0.021354166666666667 0.029166666666666667
2 0.7052083333333333 0.10520833333333333 0.071875 0.21015625
0 0.6895833333333333 0.16484375 0.03125 0.06484375
3 0.6783854166666666 0.1671875 0.10052083333333334 0.26197916666666665
2 0.41119791666666666 0.18151041666666667 0.12760416666666666 0.35
2 0.47890625 0.18385416666666668 0.05572916666666667 0.165625
6 0.625 0.20286458333333332 0.020833333333333332 0.048177083333333336
2 0.5833333333333334 0.3065104166666667 0.15729166666666666 0.34453125
6 0.43307291666666664 0.4328125 0.0203125 0.03984375
2 0.39895833333333336 0.459375 0.13854166666666667 0.17604166666666668
0 0.6864583333333333 0.48385416666666664 0.020833333333333332 0.03984375
3 0.6296875 0.5309895833333333 0.171875 0.15651041666666668
0 0.42265625 0.05520833333333333 0.0203125 0.0453125
0 0.7979166666666667 0.553125 0.025 0.041666666666666664
5 0.7260416666666667 0.5940104166666667 0.22395833333333334 0.17682291666666666
5 0.12760416666666666 0.9158854166666667 0.08020833333333334 0.1671875