2 0.27057291666666666 0.278125 0.06927083333333334 0.12864583333333332
6 0.28229166666666666 0.31666666666666665 0.01875 0.0203125
3 0.3763020833333333 0.42604166666666665 0.10364583333333334 0.15729166666666666
0 0.40078125 0.45729166666666665 0.011979166666666667 0.023958333333333335
2 0.35078125 0.47630208333333335 0.05677083333333333 0.13046875
0 0.371875 0.5255208333333333 0.0125 0.021354166666666667
2 0.23776041666666667 0.5635416666666667 0.09739583333333333 0.11015625
2 0.321875 0.5822916666666667 0.07083333333333333 0.140625
0 0.2682291666666667 0.603125 0.015625 0.028645833333333332
6 0.3234375 0.6143229166666667 0.015625 0.03046875
3 0.49713541666666666 0.621875 0.07135416666666666 0.16770833333333332
6 0.5130208333333334 0.6815104166666667 0.0125 0.023958333333333335
3 0.44192708333333336 0.68203125 0.14114583333333333 0.11197916666666667
3 0.4515625 0.7135416666666666 0.12395833333333334 0.06953125
5 0.38385416666666666 0.7958333333333333 0.03333333333333333 0.08229166666666667
0 0.39140625 0.8078125 0.0171875 0.025
0 0.6169270833333333 0.8864583333333333 0.009895833333333333 0.021354166666666667
5 0.59375 0.8947916666666667 0.06354166666666666 0.0953125