2 0.096875 0.121875 0.15520833333333334 0.18229166666666666
0 0.47578125 0.15729166666666666 0.018229166666666668 0.0203125
0 0.2630208333333333 0.16015625 0.016666666666666666 0.027864583333333335
3 0.2796875 0.17083333333333334 0.16458333333333333 0.11380208333333333
2 0.23697916666666666 0.17916666666666667 0.1375 0.13984375
2 0.43697916666666664 0.22395833333333334 0.12916666666666668 0.15729166666666666
6 0.2203125 0.40286458333333336 0.015625 0.03697916666666667
2 0.18411458333333333 0.42552083333333335 0.15260416666666668 0.12682291666666667
3 0.23932291666666666 0.42864583333333334 0.17447916666666666 0.15729166666666666
0 0.4036458333333333 0.49895833333333334 0.019791666666666666 0.0296875
5 0.37213541666666666 0.5161458333333333 0.09427083333333333 0.11015625
6 0.12317708333333334 0.08098958333333334 0.0171875 0.03802083333333333