6 0.53828125 0.16354166666666667 0.0203125 0.03802083333333333
2 0.4817708333333333 0.17786458333333333 0.13645833333333332 0.13697916666666668
3 0.33671875 0.23463541666666668 0.1015625 0.11770833333333333
2 0.24192708333333332 0.30364583333333334 0.14114583333333333 0.09817708333333333
0 0.30026041666666664 0.30963541666666666 0.018229166666666668 0.03619791666666667
0 0.33203125 0.35104166666666664 0.0171875 0.03697916666666667
0 0.48385416666666664 0.03567708333333333 0.017708333333333333 0.034375
6 0.21901041666666668 0.35703125 0.016145833333333335 0.028645833333333332
3 0.46588541666666666 0.3611979166666667 0.1515625 0.1203125
2 0.18932291666666667 0.37734375 0.09947916666666666 0.14166666666666666
2 0.29010416666666666 0.3796875 0.11354166666666667 0.18333333333333332
0 0.4166666666666667 0.38333333333333336 0.014583333333333334 0.03515625
6 0.30755208333333334 0.42916666666666664 0.016145833333333335 0.03229166666666667
0 0.4125 0.4671875 0.015625 0.03619791666666667
5 0.44140625 0.04869791666666667 0.14010416666666667 0.09713541666666667
2 0.28020833333333334 0.48880208333333336 0.11770833333333333 0.1796875
2 0.36302083333333335 0.5403645833333334 0.11875 0.20104166666666667
0 0.63671875 0.6244791666666667 0.018229166666666668 0.026822916666666665
5 0.60546875 0.6661458333333333 0.12447916666666667 0.22682291666666668
2 0.013541666666666667 0.7744791666666667 0.027083333333333334 0.09895833333333333
0 0.00625 0.8036458333333333 0.011458333333333333 0.026041666666666668