2 0.5125 0.9794270833333333 0.071875 0.04010416666666667
0 0.48333333333333334 0.9908854166666666 0.0125 0.0171875
6 0.43854166666666666 0.13697916666666668 0.0125 0.03333333333333333
3 0.5822916666666667 0.17786458333333333 0.078125 0.08697916666666666
3 0.46953125 0.18046875 0.07760416666666667 0.12395833333333334
0 0.32526041666666666 0.1828125 0.013020833333333334 0.01953125
6 0.5697916666666667 0.18645833333333334 0.013541666666666667 0.023177083333333334
2 0.32760416666666664 0.1921875 0.030208333333333334 0.06770833333333333
6 0.51171875 0.025 0.011979166666666667 0.023958333333333335
0 0.3184895833333333 0.28984375 0.011979166666666667 0.0203125
2 0.5919270833333333 0.2989583333333333 0.0828125 0.057291666666666664
6 0.57578125 0.30052083333333335 0.008854166666666666 0.017708333333333333
2 0.3263020833333333 0.30364583333333334 0.03697916666666667 0.07213541666666666
6 0.35911458333333335 0.3078125 0.013020833333333334 0.01953125
2 0.34010416666666665 0.353125 0.07395833333333333 0.17317708333333334
0 0.4596354166666667 0.37083333333333335 0.008854166666666666 0.023177083333333334
2 0.46197916666666666 0.3953125 0.06041666666666667 0.109375
0 0.546875 0.04114583333333333 0.014583333333333334 0.03046875
2 0.51171875 0.04348958333333333 0.034895833333333334 0.08697916666666666
2 0.546875 0.046875 0.03125 0.06770833333333333
0 0.47578125 0.046875 0.011979166666666667 0.03046875
2 0.4375 0.058854166666666666 0.059375 0.07317708333333334
6 0.4322916666666667 0.6903645833333333 0.0125 0.023177083333333334
2 0.43776041666666665 0.74765625 0.06197916666666667 0.134375
6 0.41744791666666664 0.08515625 0.013020833333333334 0.016666666666666666
2 0.47734375 0.08854166666666667 0.0546875 0.17317708333333334