6 0.4390625 0.16432291666666668 0.008333333333333333 0.017708333333333333
2 0.44583333333333336 0.18463541666666666 0.028125 0.08802083333333334
6 0.013802083333333333 0.39895833333333336 0.0109375 0.022135416666666668
2 0.028645833333333332 0.40729166666666666 0.052083333333333336 0.05
0 0.9953125 0.42083333333333334 0.008333333333333333 0.023958333333333335
2 0.9739583333333334 0.42734375 0.051041666666666666 0.0640625
2 0.055989583333333336 0.46770833333333334 0.04739583333333333 0.0703125
2 0.009375 0.4786458333333333 0.01875 0.03697916666666667
6 0.042708333333333334 0.4796875 0.011458333333333333 0.016666666666666666
2 0.97578125 0.52265625 0.04739583333333333 0.06822916666666666
0 0.99453125 0.53515625 0.009895833333333333 0.019270833333333334
2 0.03671875 0.5375 0.0484375 0.0453125
6 0.023958333333333335 0.5388020833333333 0.011458333333333333 0.018489583333333334