0 0.44635416666666666 0.0328125 0.015625 0.026822916666666665
3 0.37552083333333336 0.33880208333333334 0.09791666666666667 0.18880208333333334
6 0.12421875 0.346875 0.013020833333333334 0.028645833333333332
5 0.4627604166666667 0.03984375 0.06822916666666666 0.0796875
2 0.10520833333333333 0.42083333333333334 0.06354166666666666 0.17682291666666666
0 0.5177083333333333 0.46145833333333336 0.014583333333333334 0.026822916666666665
6 0.31223958333333335 0.46848958333333335 0.015104166666666667 0.026041666666666668
3 0.2877604166666667 0.4744791666666667 0.08697916666666666 0.25286458333333334
2 0.33098958333333334 0.47552083333333334 0.05572916666666667 0.06380208333333333
2 0.5463541666666667 0.5096354166666667 0.10833333333333334 0.19348958333333333
6 0.28828125 0.0578125 0.015104166666666667 0.026822916666666665
3 0.3546875 0.6 0.115625 0.10364583333333334
0 0.2557291666666667 0.6989583333333333 0.013541666666666667 0.03333333333333333
5 0.309375 0.7036458333333333 0.12395833333333334 0.07604166666666666
0 0.5377604166666666 0.7203125 0.016145833333333335 0.0296875
5 0.5447916666666667 0.778125 0.07395833333333333 0.25286458333333334
2 0.3299479166666667 0.084375 0.10677083333333333 0.09270833333333334