0 0.30520833333333336 0.9291666666666667 0.01875 0.034375
2 0.2796875 0.9455729166666667 0.11458333333333333 0.1078125
2 0.3671875 0.9520833333333333 0.04895833333333333 0.09479166666666666
6 0.37473958333333335 0.9614583333333333 0.0140625 0.026822916666666665
0 0.45234375 0.23203125 0.015104166666666667 0.03046875
5 0.415625 0.26901041666666664 0.13333333333333333 0.15651041666666668
3 0.44765625 0.43203125 0.09010416666666667 0.15833333333333333
0 0.5239583333333333 0.44296875 0.017708333333333333 0.026822916666666665
6 0.35390625 0.4552083333333333 0.013020833333333334 0.03229166666666667
2 0.33645833333333336 0.5130208333333334 0.109375 0.18151041666666667
3 0.4979166666666667 0.5221354166666666 0.08020833333333334 0.18880208333333334
0 0.7567708333333333 0.5953125 0.014583333333333334 0.031510416666666666
0 0.36328125 0.60703125 0.018229166666666668 0.03802083333333333
2 0.3390625 0.6546875 0.09791666666666667 0.18880208333333334
5 0.7166666666666667 0.6697916666666667 0.10208333333333333 0.21197916666666666
0 0.62890625 0.7614583333333333 0.016145833333333335 0.03046875
6 0.3390625 0.7822916666666667 0.014583333333333334 0.031510416666666666
2 0.6078125 0.8231770833333333 0.065625 0.24270833333333333
2 0.31640625 0.8236979166666667 0.12760416666666666 0.1453125