0 0.10130208333333333 0.14296875 0.0296875 0.04348958333333333
2 0.08463541666666667 0.15104166666666666 0.16927083333333334 0.2
2 0.03359375 0.303125 0.0671875 0.084375
0 0.0078125 0.30416666666666664 0.015625 0.03802083333333333
6 0.5833333333333334 0.38333333333333336 0.023958333333333335 0.042708333333333334
2 0.5984375 0.396875 0.09895833333333333 0.16770833333333332
6 0.46979166666666666 0.47369791666666666 0.021875 0.03802083333333333
2 0.46953125 0.478125 0.11614583333333334 0.13229166666666667
2 0.6458333333333334 0.6005208333333333 0.10416666666666667 0.19895833333333332
6 0.6401041666666667 0.6421875 0.025 0.04348958333333333
2 0.46875 0.659375 0.11979166666666667 0.11666666666666667
6 0.47291666666666665 0.6888020833333334 0.022916666666666665 0.05182291666666667