0 0.69609375 0.12369791666666667 0.013020833333333334 0.025
5 0.68984375 0.178125 0.03802083333333333 0.13229166666666667
0 0.43697916666666664 0.26067708333333334 0.011458333333333333 0.015625
2 0.46901041666666665 0.2796875 0.07552083333333333 0.06302083333333333
0 0.4361979166666667 0.28854166666666664 0.013020833333333334 0.021354166666666667
2 0.4544270833333333 0.30104166666666665 0.06822916666666666 0.07604166666666666
6 0.4127604166666667 0.35182291666666665 0.011979166666666667 0.0203125
2 0.41822916666666665 0.3572916666666667 0.03854166666666667 0.0703125
3 0.2640625 0.3619791666666667 0.05520833333333333 0.06302083333333333
5 0.2791666666666667 0.37083333333333335 0.011458333333333333 0.015625
0 0.32786458333333335 0.40286458333333336 0.016145833333333335 0.022135416666666668
2 0.31328125 0.4046875 0.07864583333333333 0.08333333333333333
2 0.33229166666666665 0.4083333333333333 0.030208333333333334 0.05182291666666667
6 0.5479166666666667 0.46380208333333334 0.0125 0.0203125
2 0.56484375 0.4703125 0.07135416666666666 0.059375
0 0.47109375 0.48203125 0.0109375 0.021354166666666667
2 0.4822916666666667 0.50703125 0.06145833333333333 0.09895833333333333
5 0.3263020833333333 0.5489583333333333 0.07239583333333334 0.06302083333333333
0 0.2984375 0.5614583333333333 0.013541666666666667 0.025
5 0.6328125 0.8255208333333334 0.053125 0.07135416666666666
0 0.6325520833333333 0.8388020833333333 0.015104166666666667 0.026041666666666668