6 0.43802083333333336 0.25364583333333335 0.020833333333333332 0.03697916666666667
0 0.6033854166666667 0.25833333333333336 0.015104166666666667 0.026041666666666668
2 0.5388020833333333 0.30052083333333335 0.14635416666666667 0.13229166666666667
2 0.41875 0.3143229166666667 0.13125 0.20286458333333332
3 0.5583333333333333 0.3346354166666667 0.165625 0.15833333333333333
0 0.73203125 0.3380208333333333 0.016145833333333335 0.023958333333333335
6 0.328125 0.35 0.020833333333333332 0.027864583333333335
3 0.7010416666666667 0.3971354166666667 0.11770833333333333 0.17604166666666668
2 0.30911458333333336 0.43984375 0.1171875 0.30364583333333334
6 0.36484375 0.5190104166666667 0.0140625 0.03619791666666667
6 0.5059895833333333 0.53515625 0.015104166666666667 0.03333333333333333
2 0.3333333333333333 0.54453125 0.07916666666666666 0.10546875
3 0.5169270833333334 0.5510416666666667 0.1359375 0.17604166666666668
0 0.80859375 0.56015625 0.019270833333333334 0.03333333333333333
2 0.4705729166666667 0.5661458333333333 0.1578125 0.12682291666666667
0 0.10833333333333334 0.5677083333333334 0.020833333333333332 0.027864583333333335
5 0.06848958333333334 0.58984375 0.13385416666666666 0.1203125
5 0.74609375 0.6078125 0.1421875 0.134375