0 0.5872395833333334 0.17369791666666667 0.018229166666666668 0.034375
5 0.6442708333333333 0.17916666666666667 0.17395833333333333 0.08619791666666667
0 0.6033854166666667 0.34869791666666666 0.015104166666666667 0.03046875
6 0.56640625 0.35 0.018229166666666668 0.031510416666666666
3 0.5364583333333334 0.42135416666666664 0.08020833333333334 0.2296875
2 0.71484375 0.42916666666666664 0.0890625 0.184375
6 0.62109375 0.4513020833333333 0.0171875 0.028645833333333332
0 0.7364583333333333 0.45598958333333334 0.017708333333333333 0.03802083333333333
3 0.5924479166666666 0.46848958333333335 0.0484375 0.2703125
0 0.44375 0.49296875 0.01875 0.034375
2 0.6138020833333333 0.4953125 0.06197916666666667 0.19453125
2 0.41302083333333334 0.559375 0.14270833333333333 0.259375
6 0.434375 0.6177083333333333 0.020833333333333332 0.03515625
0 0.9221354166666667 0.6213541666666667 0.0171875 0.031510416666666666
6 0.6916666666666667 0.6559895833333333 0.015625 0.023177083333333334
5 0.9182291666666667 0.6744791666666666 0.1 0.16380208333333332
2 0.4122395833333333 0.6846354166666667 0.10885416666666667 0.25104166666666666
2 0.6947916666666667 0.7494791666666667 0.05625 0.21197916666666666
0 0.6674479166666667 0.8088541666666667 0.019270833333333334 0.034375
2 0.6861979166666666 0.8747395833333333 0.07552083333333333 0.24947916666666667