2 0.6950520833333333 0.9263020833333333 0.034895833333333334 0.075
2 0.7856770833333333 0.9286458333333333 0.03802083333333333 0.05
0 0.86640625 0.940625 0.009895833333333333 0.0203125
0 0.70078125 0.9411458333333333 0.0109375 0.01953125
2 0.8861979166666667 0.9434895833333333 0.05677083333333333 0.10546875
2 0.5533854166666666 0.9463541666666667 0.0671875 0.07786458333333333
0 0.5825520833333333 0.9731770833333333 0.009895833333333333 0.023958333333333335
3 0.5015625 0.09895833333333333 0.09270833333333334 0.08333333333333333
6 0.51875 0.1078125 0.010416666666666666 0.017708333333333333
2 0.4205729166666667 0.15234375 0.0265625 0.05286458333333333
0 0.4171875 0.15963541666666667 0.0125 0.023177083333333334
2 0.04791666666666667 0.2203125 0.052083333333333336 0.07786458333333333
6 0.03958333333333333 0.221875 0.013541666666666667 0.01953125
2 0.5729166666666666 0.24348958333333334 0.06770833333333333 0.0796875
6 0.6015625 0.26067708333333334 0.009375 0.017708333333333333
2 0.50625 0.2986979166666667 0.021875 0.0546875
0 0.5036458333333333 0.30364583333333334 0.0125 0.0203125
2 0.7640625 0.33151041666666664 0.103125 0.06666666666666667
3 0.5536458333333333 0.33203125 0.04583333333333333 0.07317708333333334
0 0.5583333333333333 0.33932291666666664 0.011458333333333333 0.021354166666666667
6 0.7924479166666667 0.3489583333333333 0.0078125 0.016666666666666666
2 0.54140625 0.38645833333333335 0.06927083333333334 0.075
6 0.55 0.39869791666666665 0.011458333333333333 0.021354166666666667
0 0.7861979166666667 0.41380208333333335 0.0109375 0.0203125
2 0.77890625 0.41901041666666666 0.03802083333333333 0.07864583333333333
2 0.7158854166666667 0.446875 0.08802083333333334 0.07317708333333334
6 0.7513020833333334 0.4578125 0.009895833333333333 0.017708333333333333
3 0.89609375 0.48854166666666665 0.09322916666666667 0.03984375
2 0.6799479166666667 0.49296875 0.0859375 0.06770833333333333
6 0.92109375 0.49765625 0.0109375 0.021354166666666667
6 0.7036458333333333 0.5036458333333333 0.009375 0.018489583333333334
2 0.490625 0.52734375 0.090625 0.07864583333333333
0 0.50625 0.5403645833333334 0.011458333333333333 0.023177083333333334
0 0.6346354166666667 0.5833333333333334 0.016145833333333335 0.026041666666666668
2 0.6158854166666666 0.5911458333333334 0.05572916666666667 0.05286458333333333
2 0.365625 0.6903645833333333 0.042708333333333334 0.058333333333333334
6 0.36666666666666664 0.6903645833333333 0.009375 0.017708333333333333
2 0.5895833333333333 0.6911458333333333 0.06979166666666667 0.0453125
0 0.6028645833333334 0.7010416666666667 0.011979166666666667 0.022135416666666668
2 0.007552083333333333 0.7052083333333333 0.015104166666666667 0.025
2 0.3888020833333333 0.7778645833333333 0.044270833333333336 0.0703125
6 0.3796875 0.7947916666666667 0.009375 0.017708333333333333
2 0.4505208333333333 0.8315104166666667 0.042708333333333334 0.057291666666666664
0 0.45208333333333334 0.8489583333333334 0.010416666666666666 0.0203125
0 0.7893229166666667 0.9221354166666667 0.009895833333333333 0.018489583333333334