3 0.40989583333333335 0.11015625 0.12291666666666666 0.209375
6 0.884375 0.01484375 0.0375 0.0296875
0 0.44557291666666665 0.25703125 0.027604166666666666 0.0453125
0 0.228125 0.32265625 0.03229166666666667 0.06015625
2 0.4622395833333333 0.365625 0.1203125 0.2796875
2 0.25026041666666665 0.4088541666666667 0.1015625 0.22135416666666666
3 0.65234375 0.05234375 0.0578125 0.1046875
2 0.8869791666666667 0.05286458333333333 0.09375 0.10546875
6 0.66875 0.5346354166666667 0.034375 0.07317708333333334
2 0.6372395833333333 0.5934895833333333 0.14739583333333334 0.16119791666666666
6 0.49270833333333336 0.6708333333333333 0.034375 0.07135416666666666
2 0.50625 0.70703125 0.10729166666666666 0.22682291666666668
0 0.76171875 0.7635416666666667 0.044270833333333336 0.065625
2 0.7528645833333333 0.81640625 0.07135416666666666 0.36614583333333334
0 0.19088541666666667 0.8268229166666666 0.04635416666666667 0.07604166666666666
6 0.6078125 0.84296875 0.03958333333333333 0.06953125
2 0.21640625 0.859375 0.1328125 0.2703125
2 0.6229166666666667 0.865625 0.08854166666666667 0.26848958333333334
6 0.353125 0.8763020833333334 0.04583333333333333 0.075
2 0.37447916666666664 0.88125 0.10208333333333333 0.23645833333333333