6 0.78203125 0.9356770833333333 0.0109375 0.01953125
6 0.4375 0.13151041666666666 0.010416666666666666 0.018489583333333334
2 0.43854166666666666 0.14453125 0.057291666666666664 0.04453125
2 0.010677083333333334 0.39166666666666666 0.021354166666666667 0.0296875
3 0.010677083333333334 0.4671875 0.021354166666666667 0.04895833333333333
6 0.9216145833333333 0.4791666666666667 0.0109375 0.017708333333333333
2 0.9447916666666667 0.48463541666666665 0.08958333333333333 0.0453125
2 0.9119791666666667 0.5130208333333334 0.05625 0.0796875
6 0.89453125 0.5153645833333333 0.009895833333333333 0.015625
2 0.9421875 0.5197916666666667 0.027083333333333334 0.03984375
6 0.9427083333333334 0.5231770833333333 0.0125 0.016666666666666666
0 0.0033854166666666668 0.5255208333333333 0.005729166666666666 0.015625
2 0.017447916666666667 0.528125 0.034895833333333334 0.047135416666666666
2 0.9166666666666666 0.5684895833333333 0.029166666666666667 0.07395833333333333
6 0.9244791666666666 0.5721354166666667 0.010416666666666666 0.0203125
2 0.4315104166666667 0.7703125 0.043229166666666666 0.06302083333333333
6 0.42630208333333336 0.78984375 0.009895833333333333 0.018489583333333334
0 0.12239583333333333 0.8625 0.010416666666666666 0.01953125
2 0.13229166666666667 0.8786458333333333 0.040625 0.07213541666666666
2 0.40729166666666666 0.88046875 0.030208333333333334 0.05182291666666667
0 0.40182291666666664 0.8846354166666667 0.009895833333333333 0.01953125
2 0.7765625 0.9177083333333333 0.023958333333333335 0.061197916666666664