0 0.3333333333333333 0.3421875 0.011458333333333333 0.01953125
2 0.32890625 0.34713541666666664 0.04010416666666667 0.05364583333333333
2 0.018489583333333334 0.3796875 0.03697916666666667 0.04635416666666667
2 0.020833333333333332 0.43046875 0.041666666666666664 0.06484375
6 0.23098958333333333 0.4356770833333333 0.011979166666666667 0.021354166666666667
2 0.2546875 0.4356770833333333 0.09583333333333334 0.0953125
6 0.008854166666666666 0.4388020833333333 0.013541666666666667 0.022135416666666668
3 0.010416666666666666 0.51484375 0.020833333333333332 0.05364583333333333
2 0.23984375 0.5278645833333333 0.05572916666666667 0.05182291666666667
6 0.22005208333333334 0.5291666666666667 0.013020833333333334 0.021354166666666667
2 0.3234375 0.5661458333333333 0.05 0.06770833333333333
0 0.3265625 0.5869791666666667 0.010416666666666666 0.016666666666666666
2 0.48046875 0.8671875 0.06302083333333333 0.058333333333333334
0 0.47578125 0.88203125 0.009895833333333333 0.01953125