2 0.63671875 0.93046875 0.0671875 0.08151041666666667
6 0.6143229166666667 0.9375 0.009895833333333333 0.023177083333333334
3 0.35833333333333334 0.9416666666666667 0.05520833333333333 0.061197916666666664
6 0.3359375 0.9583333333333334 0.010416666666666666 0.022135416666666668
2 0.5013020833333334 0.15885416666666666 0.0734375 0.13619791666666667
0 0.48489583333333336 0.21380208333333334 0.008333333333333333 0.0203125
2 0.5231770833333333 0.6083333333333333 0.0984375 0.08697916666666666
2 0.46041666666666664 0.61484375 0.06666666666666667 0.0796875
0 0.49635416666666665 0.6190104166666667 0.0125 0.021354166666666667
2 0.28984375 0.6489583333333333 0.06302083333333333 0.07786458333333333
2 0.4010416666666667 0.6721354166666667 0.051041666666666666 0.04453125
6 0.571875 0.684375 0.011458333333333333 0.022135416666666668
2 0.5963541666666666 0.6888020833333334 0.10416666666666667 0.06484375
3 0.33880208333333334 0.7388020833333333 0.04114583333333333 0.07395833333333333
2 0.50234375 0.7684895833333333 0.10572916666666667 0.06484375
0 0.4778645833333333 0.7690104166666667 0.009895833333333333 0.017708333333333333
2 0.3528645833333333 0.778125 0.07864583333333333 0.065625
0 0.3234375 0.79765625 0.009375 0.017708333333333333
2 0.453125 0.8213541666666667 0.08125 0.06484375
0 0.41875 0.8356770833333333 0.010416666666666666 0.025
3 0.3458333333333333 0.8690104166666667 0.034375 0.10833333333333334