2 0.4197916666666667 0.9263020833333333 0.022916666666666665 0.051041666666666666
0 0.41901041666666666 0.9447916666666667 0.0109375 0.017708333333333333
3 0.6669270833333333 0.09713541666666667 0.05364583333333333 0.11302083333333333
2 0.578125 0.10234375 0.034375 0.15833333333333333
3 0.6416666666666667 0.10703125 0.04479166666666667 0.11015625
2 0.7174479166666666 0.10729166666666666 0.05364583333333333 0.1
2 0.5502604166666667 0.1203125 0.0296875 0.08151041666666667
0 0.5510416666666667 0.12552083333333333 0.011458333333333333 0.01953125
6 0.44375 0.21796875 0.011458333333333333 0.01953125
0 0.7723958333333333 0.24765625 0.014583333333333334 0.017708333333333333
2 0.42265625 0.25546875 0.08489583333333334 0.13880208333333333
2 0.7828125 0.26067708333333334 0.06770833333333333 0.06953125
2 0.6544270833333333 0.2643229166666667 0.04739583333333333 0.07864583333333333
0 0.6356770833333333 0.3190104166666667 0.009895833333333333 0.017708333333333333
2 0.64921875 0.34869791666666666 0.0578125 0.08046875
3 0.59765625 0.053125 0.0390625 0.03984375
6 0.50234375 0.05546875 0.009895833333333333 0.022135416666666668
0 0.5770833333333333 0.06380208333333333 0.014583333333333334 0.022135416666666668
0 0.5372395833333333 0.69453125 0.0109375 0.0203125
2 0.5213541666666667 0.74453125 0.06770833333333333 0.17395833333333333
2 0.4822916666666667 0.07604166666666666 0.051041666666666666 0.09635416666666667