2 0.32708333333333334 0.9755208333333333 0.09375 0.04791666666666667
0 0.36744791666666665 0.9815104166666667 0.011979166666666667 0.023958333333333335
0 0.4708333333333333 0.13098958333333333 0.011458333333333333 0.023177083333333334
2 0.46979166666666666 0.15703125 0.030208333333333334 0.08046875
2 0.9677083333333333 0.43385416666666665 0.014583333333333334 0.025
2 0.014322916666666666 0.43463541666666666 0.028645833333333332 0.05286458333333333
2 0.9473958333333333 0.44479166666666664 0.06875 0.06953125
3 0.013541666666666667 0.503125 0.027083333333333334 0.05286458333333333
6 0.98515625 0.5065104166666666 0.013020833333333334 0.022135416666666668
2 0.965625 0.5083333333333333 0.06354166666666666 0.0796875
2 0.019791666666666666 0.5802083333333333 0.03958333333333333 0.06380208333333333
6 0.9770833333333333 0.5861979166666667 0.011458333333333333 0.016666666666666666
2 0.9705729166666667 0.5869791666666667 0.0390625 0.08697916666666666
2 0.4864583333333333 0.7434895833333334 0.03125 0.06848958333333334
6 0.48125 0.7677083333333333 0.010416666666666666 0.018489583333333334