1 0.5541666666666667 0.09453125 0.0375 0.07395833333333333
2 0.6106770833333334 0.9505208333333334 0.0859375 0.09791666666666667
0 0.6177083333333333 0.9513020833333333 0.015625 0.03046875
0 0.8942708333333333 0.45364583333333336 0.016666666666666666 0.03333333333333333
2 0.9174479166666667 0.46380208333333334 0.07447916666666667 0.06666666666666667
2 0.9229166666666667 0.5546875 0.04583333333333333 0.11119791666666666
6 0.9330729166666667 0.5552083333333333 0.015104166666666667 0.025
2 0.7328125 0.5916666666666667 0.046875 0.10729166666666666
6 0.7364583333333333 0.5958333333333333 0.015625 0.034375
2 0.8489583333333334 0.6203125 0.052083333333333336 0.13515625
6 0.8361979166666667 0.6239583333333333 0.016145833333333335 0.0296875
2 0.5955729166666667 0.6315104166666666 0.033854166666666664 0.07604166666666666
6 0.6276041666666666 0.6416666666666667 0.013541666666666667 0.027864583333333335
0 0.5888020833333333 0.6510416666666666 0.009895833333333333 0.0203125
2 0.6158854166666666 0.6536458333333334 0.04114583333333333 0.1
3 0.7135416666666666 0.66484375 0.08229166666666667 0.061197916666666664
0 0.4783854166666667 0.6802083333333333 0.011979166666666667 0.021354166666666667
2 0.7953125 0.6856770833333333 0.028125 0.115625
2 0.44973958333333336 0.6861979166666666 0.07239583333333334 0.12786458333333334
0 0.53671875 0.6921875 0.013020833333333334 0.01953125
2 0.5309895833333333 0.69296875 0.044270833333333336 0.12135416666666667
6 0.79296875 0.6986979166666667 0.0140625 0.023177083333333334
2 0.69609375 0.73515625 0.06822916666666666 0.12604166666666666
0 0.7208333333333333 0.7708333333333334 0.013541666666666667 0.026822916666666665
2 0.5705729166666667 0.8166666666666667 0.0578125 0.08515625
0 0.58046875 0.8231770833333333 0.011979166666666667 0.022135416666666668