5 0.43463541666666666 0.12604166666666666 0.0671875 0.10364583333333334
0 0.5005208333333333 0.26145833333333335 0.011458333333333333 0.028645833333333332
2 0.4981770833333333 0.30182291666666666 0.043229166666666666 0.1703125
2 0.26223958333333336 0.47369791666666666 0.030729166666666665 0.05651041666666667
2 0.7171875 0.475 0.05520833333333333 0.08151041666666667
6 0.715625 0.48046875 0.014583333333333334 0.031510416666666666
0 0.26848958333333334 0.48151041666666666 0.013020833333333334 0.022135416666666668
6 0.5177083333333333 0.4869791666666667 0.015625 0.0296875
0 0.3104166666666667 0.49453125 0.013541666666666667 0.027864583333333335
2 0.6604166666666667 0.5052083333333334 0.06875 0.08619791666666667
2 0.49661458333333336 0.5059895833333333 0.06614583333333333 0.0953125
6 0.6838541666666667 0.5177083333333333 0.017708333333333333 0.026041666666666668
2 0.3260416666666667 0.525 0.09583333333333334 0.11119791666666666
6 0.27786458333333336 0.5463541666666667 0.0171875 0.027864583333333335
2 0.2765625 0.5518229166666667 0.04791666666666667 0.06666666666666667
0 0.31536458333333334 0.5578125 0.0171875 0.03046875
2 0.315625 0.5643229166666667 0.03958333333333333 0.09348958333333333
0 0.2877604166666667 0.6630208333333333 0.0140625 0.023958333333333335
5 0.29140625 0.6809895833333334 0.04010416666666667 0.10104166666666667
5 0.90234375 0.7684895833333333 0.0546875 0.10182291666666667
0 0.92109375 0.775 0.015104166666666667 0.027864583333333335
0 0.44765625 0.08880208333333334 0.0140625 0.026041666666666668