0 0.48411458333333335 0.1953125 0.008854166666666666 0.016666666666666666
2 0.48098958333333336 0.21015625 0.0234375 0.05364583333333333
2 0.128125 0.40234375 0.035416666666666666 0.07682291666666667
6 0.12317708333333334 0.40703125 0.008854166666666666 0.015625
6 0.12552083333333333 0.465625 0.009375 0.018489583333333334
6 0.07083333333333333 0.471875 0.010416666666666666 0.017708333333333333
2 0.0828125 0.47265625 0.035416666666666666 0.041666666666666664
2 0.13515625 0.47734375 0.03177083333333333 0.05286458333333333
2 0.8885416666666667 0.484375 0.0625 0.05
0 0.8830729166666667 0.48515625 0.009895833333333333 0.016666666666666666
0 0.9559895833333333 0.49296875 0.0109375 0.015625
2 0.94921875 0.4981770833333333 0.03802083333333333 0.07213541666666666
2 0.14036458333333332 0.55703125 0.033854166666666664 0.065625
2 0.89453125 0.5614583333333333 0.027604166666666666 0.0546875
0 0.8888020833333333 0.5635416666666667 0.009895833333333333 0.013802083333333333
2 0.9473958333333333 0.5653645833333333 0.078125 0.06197916666666667
0 0.93125 0.56796875 0.009375 0.015625
6 0.1296875 0.5721354166666667 0.009375 0.016666666666666666