2 0.24401041666666667 0.9783854166666667 0.049479166666666664 0.0421875
0 0.02421875 0.22447916666666667 0.016145833333333335 0.026822916666666665
2 0.05677083333333333 0.22630208333333332 0.0625 0.18046875
2 0.032552083333333336 0.24401041666666667 0.04739583333333333 0.06953125
0 0.043229166666666666 0.27317708333333335 0.015625 0.023958333333333335
2 0.03203125 0.33098958333333334 0.0640625 0.0546875
6 0.027083333333333334 0.33151041666666664 0.013541666666666667 0.022135416666666668
6 0.19401041666666666 0.3684895833333333 0.013020833333333334 0.031510416666666666
2 0.19765625 0.3684895833333333 0.03697916666666667 0.0796875
6 0.04401041666666667 0.41302083333333334 0.013020833333333334 0.022135416666666668
2 0.05651041666666667 0.41848958333333336 0.05260416666666667 0.05364583333333333
6 0.21640625 0.45416666666666666 0.013020833333333334 0.01953125
2 0.21380208333333334 0.4578125 0.0515625 0.10286458333333333
3 0.014583333333333334 0.4786458333333333 0.029166666666666667 0.03515625
2 0.2677083333333333 0.50546875 0.03229166666666667 0.06302083333333333
6 0.2640625 0.5177083333333333 0.013541666666666667 0.022135416666666668
2 0.05572916666666667 0.5236979166666667 0.051041666666666666 0.07135416666666666
0 0.03723958333333333 0.5356770833333333 0.0109375 0.023177083333333334
2 0.035416666666666666 0.5606770833333333 0.06041666666666667 0.075
6 0.027083333333333334 0.5861979166666667 0.013541666666666667 0.022135416666666668
6 0.08541666666666667 0.6744791666666666 0.013541666666666667 0.01953125
2 0.10520833333333333 0.7153645833333333 0.06979166666666667 0.12317708333333334