2 0.22135416666666666 0.10963541666666667 0.09583333333333334 0.20104166666666667
6 0.184375 0.14635416666666667 0.014583333333333334 0.026041666666666668
2 0.29348958333333336 0.2916666666666667 0.1234375 0.14270833333333333
2 0.38515625 0.30963541666666666 0.08802083333333334 0.18802083333333333
0 0.23932291666666666 0.33203125 0.016145833333333335 0.025
5 0.5502604166666667 0.033854166666666664 0.0640625 0.06770833333333333
6 0.36015625 0.35130208333333335 0.018229166666666668 0.025
2 0.42135416666666664 0.3885416666666667 0.07708333333333334 0.21953125
0 0.40286458333333336 0.44166666666666665 0.016145833333333335 0.027864583333333335
2 0.28489583333333335 0.44947916666666665 0.140625 0.1046875
0 0.5533854166666666 0.0453125 0.015104166666666667 0.027864583333333335
6 0.24192708333333332 0.46145833333333336 0.016145833333333335 0.025
2 0.21145833333333333 0.5393229166666667 0.04895833333333333 0.06380208333333333
0 0.19739583333333333 0.5559895833333334 0.0125 0.021354166666666667
5 0.60390625 0.6328125 0.09114583333333333 0.18619791666666666
3 0.2125 0.6481770833333333 0.06041666666666667 0.15
2 0.30572916666666666 0.671875 0.058333333333333334 0.1453125
0 0.5671875 0.7005208333333334 0.01875 0.026822916666666665
4 0.20494791666666667 0.7838541666666666 0.1046875 0.15104166666666666
0 0.15989583333333332 0.8458333333333333 0.011458333333333333 0.023177083333333334