2 0.72265625 0.2596354166666667 0.033854166666666664 0.07864583333333333
0 0.7153645833333333 0.26796875 0.011979166666666667 0.021354166666666667
2 0.6369791666666667 0.37864583333333335 0.04375 0.059375
6 0.6299479166666667 0.38645833333333335 0.0140625 0.025
6 0.921875 0.42916666666666664 0.0125 0.023177083333333334
2 0.6447916666666667 0.4322916666666667 0.041666666666666664 0.05
6 0.6473958333333333 0.4375 0.0125 0.01953125
2 0.94609375 0.45546875 0.1046875 0.09635416666666667
2 0.71796875 0.5302083333333333 0.04114583333333333 0.07317708333333334
6 0.7153645833333333 0.5361979166666667 0.0109375 0.023958333333333335
2 0.9783854166666667 0.5666666666666667 0.0421875 0.052083333333333336