3 0.0234375 0.2635416666666667 0.046875 0.05651041666666667
6 0.38958333333333334 0.3268229166666667 0.0125 0.027864583333333335
2 0.3802083333333333 0.3375 0.05 0.09348958333333333
6 0.20052083333333334 0.40546875 0.010416666666666666 0.023958333333333335
2 0.17604166666666668 0.4083333333333333 0.10625 0.042708333333333334
0 0.020052083333333335 0.4356770833333333 0.008854166666666666 0.015625
2 0.048177083333333336 0.44453125 0.06510416666666667 0.05182291666666667
2 0.40338541666666666 0.48515625 0.08385416666666666 0.05364583333333333
6 0.42942708333333335 0.49166666666666664 0.011979166666666667 0.0203125
2 0.36822916666666666 0.5625 0.09270833333333334 0.06015625
6 0.37552083333333336 0.5760416666666667 0.010416666666666666 0.023958333333333335