0 0.15260416666666668 0.9302083333333333 0.011458333333333333 0.021354166666666667
2 0.4328125 0.09453125 0.036458333333333336 0.042708333333333334
2 0.4700520833333333 0.10416666666666667 0.0328125 0.06380208333333333
2 0.2015625 0.021875 0.046875 0.04348958333333333
6 0.4830729166666667 0.36484375 0.0109375 0.016666666666666666
2 0.4705729166666667 0.3671875 0.050520833333333334 0.06953125
2 0.60546875 0.39765625 0.07135416666666666 0.11380208333333333
6 0.5744791666666667 0.4078125 0.010416666666666666 0.011979166666666667
6 0.6296875 0.41432291666666665 0.008333333333333333 0.021354166666666667
2 0.59140625 0.44166666666666665 0.06927083333333334 0.13515625
0 0.16666666666666666 0.05364583333333333 0.008333333333333333 0.01484375
0 0.23645833333333333 0.5393229166666667 0.008333333333333333 0.015625
5 0.21744791666666666 0.5690104166666666 0.0953125 0.0953125
6 0.5598958333333334 0.5703125 0.011458333333333333 0.016666666666666666
2 0.53828125 0.5778645833333333 0.08072916666666667 0.07213541666666666
0 0.20729166666666668 0.06302083333333333 0.008333333333333333 0.01484375
2 0.1734375 0.06770833333333333 0.03125 0.05546875
2 0.21640625 0.08046875 0.03697916666666667 0.07213541666666666
6 0.4661458333333333 0.08046875 0.008333333333333333 0.013020833333333334
6 0.44192708333333336 0.08619791666666667 0.008854166666666666 0.016666666666666666
5 0.13828125 0.88984375 0.04739583333333333 0.10546875
5 0.3640625 0.9197916666666667 0.026041666666666668 0.07864583333333333
0 0.36354166666666665 0.9239583333333333 0.008333333333333333 0.016666666666666666