3 0.3828125 0.13229166666666667 0.078125 0.15
3 0.3625 0.4171875 0.115625 0.08802083333333334
0 0.3203125 0.4197916666666667 0.017708333333333333 0.03229166666666667
6 0.41328125 0.5052083333333334 0.019270833333333334 0.034375
2 0.26536458333333335 0.54453125 0.10677083333333333 0.11302083333333333
5 0.09635416666666667 0.5565104166666667 0.07083333333333333 0.15729166666666666
2 0.4348958333333333 0.5666666666666667 0.10729166666666666 0.17604166666666668
0 0.08854166666666667 0.6013020833333333 0.017708333333333333 0.034375
0 0.6640625 0.6088541666666667 0.017708333333333333 0.03229166666666667
3 0.20833333333333334 0.63203125 0.1 0.16197916666666667
0 0.22890625 0.6411458333333333 0.021354166666666667 0.03802083333333333
2 0.32447916666666665 0.64296875 0.06875 0.06953125
5 0.7010416666666667 0.6713541666666667 0.14479166666666668 0.21302083333333333
2 0.45078125 0.6721354166666667 0.11197916666666667 0.1
0 0.40651041666666665 0.6856770833333333 0.015104166666666667 0.03046875
6 0.309375 0.7416666666666667 0.014583333333333334 0.0203125
2 0.3567708333333333 0.7864583333333334 0.10833333333333334 0.11197916666666667