6 0.9916666666666667 0.35598958333333336 0.010416666666666666 0.013802083333333333
2 0.9815104166666667 0.35859375 0.0359375 0.050520833333333334
2 0.015364583333333333 0.36796875 0.030729166666666665 0.08046875
0 0.04921875 0.3828125 0.011979166666666667 0.021354166666666667
2 0.05364583333333333 0.39296875 0.036458333333333336 0.08046875
2 0.057291666666666664 0.478125 0.03854166666666667 0.05286458333333333
0 0.04296875 0.478125 0.008854166666666666 0.015625
6 0.9880208333333333 0.48046875 0.011458333333333333 0.018489583333333334
2 0.9802083333333333 0.49375 0.03854166666666667 0.08020833333333334
2 0.03463541666666667 0.5322916666666667 0.0359375 0.0703125
0 0.02578125 0.5369791666666667 0.011979166666666667 0.022135416666666668
2 0.4505208333333333 0.81953125 0.027083333333333334 0.05364583333333333
0 0.44557291666666665 0.8302083333333333 0.011979166666666667 0.01953125