6 0.9104166666666667 0.20286458333333332 0.010416666666666666 0.0203125
2 0.9065104166666667 0.21666666666666667 0.0390625 0.10364583333333334
6 0.94140625 0.38333333333333336 0.0109375 0.0203125
2 0.9309895833333334 0.3875 0.0359375 0.06197916666666667
0 0.6942708333333333 0.49453125 0.0125 0.0203125
2 0.690625 0.503125 0.034375 0.06197916666666667
0 0.8166666666666667 0.5153645833333333 0.016666666666666666 0.017708333333333333
2 0.8135416666666667 0.5190104166666667 0.034375 0.06953125
6 0.9153645833333334 0.5291666666666667 0.015104166666666667 0.01953125
2 0.91328125 0.5315104166666667 0.0421875 0.11848958333333333
6 0.76875 0.5458333333333333 0.009375 0.021354166666666667
2 0.7643229166666666 0.5611979166666666 0.04010416666666667 0.08151041666666667
2 0.82578125 0.5927083333333333 0.0578125 0.07395833333333333
0 0.8317708333333333 0.6088541666666667 0.0125 0.021354166666666667
2 0.74921875 0.6322916666666667 0.03177083333333333 0.10182291666666667
0 0.7520833333333333 0.63984375 0.010416666666666666 0.018489583333333334
2 0.9770833333333333 0.653125 0.04479166666666667 0.046875
2 0.9572916666666667 0.7208333333333333 0.06458333333333334 0.051041666666666666
6 0.9716145833333333 0.7263020833333333 0.011979166666666667 0.023177083333333334
2 0.88515625 0.85234375 0.0671875 0.09713541666666667
0 0.9109375 0.8703125 0.0125 0.0296875