2 0.3346354166666667 0.010677083333333334 0.025520833333333333 0.021354166666666667
5 0.5018229166666667 0.1875 0.07760416666666667 0.084375
2 0.31354166666666666 0.19348958333333333 0.075 0.09453125
2 0.5932291666666667 0.01953125 0.027083333333333334 0.038802083333333334
0 0.46848958333333335 0.20104166666666667 0.009895833333333333 0.0203125
0 0.3338541666666667 0.20234375 0.011458333333333333 0.023177083333333334
6 0.6028645833333334 0.040364583333333336 0.0067708333333333336 0.015625
2 0.39166666666666666 0.4453125 0.04895833333333333 0.16666666666666666
5 0.6286458333333333 0.46536458333333336 0.06041666666666667 0.09713541666666667
0 0.39427083333333335 0.4828125 0.010416666666666666 0.01953125
3 0.49140625 0.48880208333333336 0.03802083333333333 0.09270833333333334
6 0.6041666666666666 0.5018229166666667 0.011458333333333333 0.016666666666666666
6 0.4817708333333333 0.5239583333333333 0.010416666666666666 0.0203125
3 0.34479166666666666 0.55546875 0.06979166666666667 0.14453125
0 0.3609375 0.5893229166666667 0.009375 0.017708333333333333
3 0.4427083333333333 0.6135416666666667 0.016666666666666666 0.0453125
0 0.44583333333333336 0.6197916666666666 0.008333333333333333 0.017708333333333333
3 0.5075520833333333 0.63984375 0.0265625 0.15
3 0.44817708333333334 0.6421875 0.03802083333333333 0.13984375
2 0.5971354166666667 0.06796875 0.04010416666666667 0.07135416666666666
6 0.5057291666666667 0.68515625 0.011458333333333333 0.01484375
6 0.5994791666666667 0.007552083333333333 0.011458333333333333 0.015104166666666667
0 0.33541666666666664 0.7588541666666667 0.011458333333333333 0.01953125
6 0.47890625 0.76953125 0.009895833333333333 0.016666666666666666
5 0.48880208333333336 0.778125 0.044270833333333336 0.06770833333333333
5 0.33932291666666664 0.7802083333333333 0.05677083333333333 0.06197916666666667