3 0.9645833333333333 0.11979166666666667 0.06979166666666667 0.11953125
6 0.6286458333333333 0.16953125 0.015625 0.03333333333333333
2 0.6583333333333333 0.20104166666666667 0.12395833333333334 0.10182291666666667
0 0.53515625 0.2630208333333333 0.0140625 0.0203125
3 0.45651041666666664 0.26666666666666666 0.07552083333333333 0.0703125
2 0.5598958333333334 0.2875 0.10729166666666666 0.10104166666666667
3 0.43072916666666666 0.31536458333333334 0.034375 0.075
6 0.45859375 0.3528645833333333 0.013020833333333334 0.026041666666666668
6 0.5786458333333333 0.3703125 0.011458333333333333 0.027864583333333335
3 0.48515625 0.3828125 0.0703125 0.09895833333333333
3 0.6067708333333334 0.41848958333333336 0.06666666666666667 0.12604166666666666
0 0.5455729166666666 0.48046875 0.016145833333333335 0.03333333333333333
3 0.5736979166666667 0.5161458333333333 0.09635416666666667 0.16770833333333332
6 0.5729166666666666 0.5916666666666667 0.01875 0.03333333333333333
0 0.7041666666666667 0.61796875 0.019791666666666666 0.034375
2 0.7286458333333333 0.6213541666666667 0.13333333333333333 0.061197916666666664
2 0.5942708333333333 0.625 0.078125 0.12213541666666666
0 0.815625 0.6677083333333333 0.015625 0.027864583333333335
5 0.8557291666666667 0.6809895833333334 0.109375 0.11197916666666667
0 0.4828125 0.7059895833333333 0.011458333333333333 0.03046875
5 0.5294270833333333 0.7393229166666667 0.10572916666666667 0.09713541666666667