0 0.5549479166666667 0.13802083333333334 0.011979166666666667 0.0203125
2 0.575 0.16380208333333332 0.059375 0.16666666666666666
3 0.47421875 0.2328125 0.08697916666666666 0.13802083333333334
0 0.7203125 0.23932291666666666 0.017708333333333333 0.025
3 0.5815104166666667 0.2596354166666667 0.043229166666666666 0.11953125
0 0.5440104166666667 0.27317708333333335 0.009895833333333333 0.0203125
6 0.25052083333333336 0.27630208333333334 0.014583333333333334 0.026822916666666665
2 0.7486979166666666 0.29713541666666665 0.1046875 0.17604166666666668
2 0.5703125 0.309375 0.059375 0.09817708333333333
2 0.22161458333333334 0.309375 0.10572916666666667 0.11848958333333333
6 0.40729166666666666 0.3416666666666667 0.014583333333333334 0.022135416666666668
2 0.38619791666666664 0.3815104166666667 0.09010416666666667 0.13697916666666668
0 0.56875 0.42083333333333334 0.013541666666666667 0.028645833333333332
2 0.59921875 0.45651041666666664 0.0765625 0.12786458333333334
0 0.7205729166666667 0.6708333333333333 0.0109375 0.026822916666666665
5 0.68671875 0.7333333333333333 0.10260416666666666 0.18151041666666667
5 0.4515625 0.8791666666666667 0.04583333333333333 0.07317708333333334
0 0.4427083333333333 0.8815104166666666 0.011458333333333333 0.023958333333333335