2 0.7981770833333334 0.97421875 0.028645833333333332 0.050520833333333334
0 0.8026041666666667 0.9908854166666666 0.009375 0.0171875
6 0.82265625 0.5453125 0.0109375 0.016666666666666666
2 0.809375 0.5505208333333333 0.03958333333333333 0.0546875
2 0.7057291666666666 0.5578125 0.035416666666666666 0.10651041666666666
6 0.8768229166666667 0.56796875 0.016145833333333335 0.021354166666666667
2 0.85625 0.5690104166666666 0.058333333333333334 0.065625
0 0.7169270833333333 0.5963541666666666 0.009895833333333333 0.016666666666666666
0 0.62265625 0.6065104166666667 0.009895833333333333 0.018489583333333334
2 0.9359375 0.6088541666666667 0.057291666666666664 0.075
2 0.5994791666666667 0.6143229166666667 0.058333333333333334 0.10104166666666667
6 0.95625 0.61953125 0.016666666666666666 0.0203125
2 0.7828125 0.6434895833333333 0.08541666666666667 0.07786458333333333
0 0.67734375 0.6453125 0.009895833333333333 0.018489583333333334
6 0.8143229166666667 0.6453125 0.011979166666666667 0.0203125
2 0.85625 0.65546875 0.042708333333333334 0.042708333333333334
2 0.6669270833333333 0.6565104166666667 0.059895833333333336 0.10364583333333334
6 0.86796875 0.6596354166666667 0.013020833333333334 0.01953125
2 0.7088541666666667 0.68203125 0.053125 0.11380208333333333
0 0.7229166666666667 0.6846354166666667 0.010416666666666666 0.021354166666666667
2 0.7916666666666666 0.709375 0.10833333333333334 0.061197916666666664
6 0.96171875 0.7114583333333333 0.011979166666666667 0.017708333333333333
2 0.9450520833333333 0.7190104166666667 0.05677083333333333 0.08619791666666667
0 0.81796875 0.7286458333333333 0.0109375 0.023958333333333335
6 0.8755208333333333 0.7583333333333333 0.015625 0.026041666666666668
2 0.8549479166666667 0.7703125 0.06614583333333333 0.059375