2 0.746875 0.9260416666666667 0.04479166666666667 0.05546875
6 0.7549479166666667 0.9411458333333333 0.009895833333333333 0.01953125
6 0.4354166666666667 0.109375 0.009375 0.022135416666666668
2 0.43255208333333334 0.1203125 0.0234375 0.06848958333333334
2 0.09635416666666667 0.41432291666666665 0.096875 0.051041666666666666
0 0.12109375 0.41901041666666666 0.0109375 0.01953125
2 0.10963541666666667 0.4708333333333333 0.08072916666666667 0.04895833333333333
0 0.13932291666666666 0.4744791666666667 0.009895833333333333 0.01953125
6 0.8208333333333333 0.47734375 0.0125 0.01953125
0 0.0296875 0.48802083333333335 0.009375 0.016666666666666666
2 0.025260416666666667 0.48932291666666666 0.050520833333333334 0.03984375
2 0.8526041666666667 0.48984375 0.08854166666666667 0.06666666666666667
2 0.7927083333333333 0.50703125 0.08958333333333333 0.065625
6 0.7739583333333333 0.5153645833333333 0.0125 0.01953125
2 0.9125 0.5166666666666667 0.07604166666666666 0.05364583333333333
6 0.8940104166666667 0.521875 0.0109375 0.01953125
2 0.07552083333333333 0.5541666666666667 0.08958333333333333 0.06197916666666667
0 0.09739583333333333 0.5588541666666667 0.011458333333333333 0.015625
2 0.8171875 0.571875 0.08645833333333333 0.058333333333333334
6 0.79375 0.58203125 0.009375 0.01953125
2 0.41953125 0.778125 0.025520833333333333 0.06015625
6 0.41692708333333334 0.7947916666666667 0.008854166666666666 0.017708333333333333
2 0.13229166666666667 0.8578125 0.058333333333333334 0.06015625
0 0.12239583333333333 0.8635416666666667 0.011458333333333333 0.017708333333333333
2 0.3963541666666667 0.8846354166666667 0.025 0.047135416666666666
0 0.39375 0.8885416666666667 0.008333333333333333 0.01953125