3 0.4622395833333333 0.15520833333333334 0.09114583333333333 0.065625
0 0.2635416666666667 0.18098958333333334 0.010416666666666666 0.021354166666666667
6 0.73984375 0.019791666666666666 0.015104166666666667 0.03046875
2 0.23515625 0.19583333333333333 0.11197916666666667 0.05286458333333333
0 0.3065104166666667 0.215625 0.0140625 0.022135416666666668
3 0.38177083333333334 0.22786458333333334 0.0875 0.0703125
2 0.28177083333333336 0.23151041666666666 0.09270833333333334 0.06484375
0 0.41302083333333334 0.23385416666666667 0.011458333333333333 0.026822916666666665
0 0.3859375 0.026041666666666668 0.0125 0.026041666666666668
2 0.16848958333333333 0.26536458333333335 0.07760416666666667 0.06015625
6 0.19973958333333333 0.26666666666666666 0.011979166666666667 0.026041666666666668
5 0.36302083333333335 0.028125 0.08958333333333333 0.051041666666666666
2 0.734375 0.030208333333333334 0.035416666666666666 0.06015625
0 0.31171875 0.32864583333333336 0.009895833333333333 0.022135416666666668
2 0.2828125 0.33046875 0.078125 0.061197916666666664
6 0.15234375 0.39765625 0.0140625 0.03229166666666667
2 0.128125 0.4041666666666667 0.11041666666666666 0.05286458333333333
0 0.4361979166666667 0.5838541666666667 0.1078125 0.06197916666666667
2 0.24140625 0.061197916666666664 0.10052083333333334 0.05182291666666667
0 0.15260416666666668 0.625 0.011458333333333333 0.022135416666666668
5 0.12942708333333333 0.6328125 0.0953125 0.0453125
6 0.26276041666666666 0.06536458333333334 0.015104166666666667 0.023177083333333334