0 0.3625 0.0125 0.008333333333333333 0.01953125
2 0.2596354166666667 0.17447916666666666 0.0859375 0.06953125
2 0.3653645833333333 0.017708333333333333 0.016145833333333335 0.03515625
0 0.28177083333333336 0.18098958333333334 0.009375 0.017708333333333333
2 0.50703125 0.225 0.06927083333333334 0.090625
0 0.478125 0.24453125 0.008333333333333333 0.018489583333333334
0 0.33880208333333334 0.03229166666666667 0.008854166666666666 0.018489583333333334
2 0.3390625 0.038802083333333334 0.01875 0.03515625
2 0.33515625 0.3963541666666667 0.08697916666666666 0.07395833333333333
0 0.35989583333333336 0.3963541666666667 0.008333333333333333 0.01484375
0 0.4276041666666667 0.41015625 0.008333333333333333 0.016666666666666666
2 0.26171875 0.41953125 0.10260416666666666 0.05546875
3 0.4114583333333333 0.4203125 0.07395833333333333 0.06484375
0 0.28854166666666664 0.4236979166666667 0.009375 0.017708333333333333
2 0.6059895833333333 0.0453125 0.0453125 0.03697916666666667
6 0.7346354166666667 0.45416666666666666 0.008854166666666666 0.017708333333333333
2 0.76328125 0.46015625 0.09947916666666666 0.061197916666666664
6 0.50859375 0.4666666666666667 0.0078125 0.016666666666666666
3 0.5268229166666667 0.46848958333333335 0.05364583333333333 0.06848958333333334
6 0.6184895833333334 0.047135416666666666 0.0109375 0.018489583333333334
6 0.6067708333333334 0.47317708333333336 0.008333333333333333 0.01484375
2 0.6291666666666667 0.4828125 0.09791666666666667 0.07135416666666666
3 0.35442708333333334 0.51015625 0.06927083333333334 0.0296875
6 0.6013020833333333 0.06770833333333333 0.009895833333333333 0.016666666666666666
6 0.48723958333333334 0.80703125 0.009895833333333333 0.015625
0 0.3411458333333333 0.8119791666666667 0.010416666666666666 0.0203125
5 0.4895833333333333 0.8203125 0.023958333333333335 0.05364583333333333
5 0.35104166666666664 0.83515625 0.040625 0.08333333333333333
2 0.596875 0.08880208333333334 0.036458333333333336 0.06484375