2 0.4609375 0.6041666666666666 0.046875 0.1046875
6 0.46770833333333334 0.6088541666666667 0.010416666666666666 0.01953125
6 0.55625 0.63984375 0.009375 0.0203125
6 0.39166666666666666 0.6505208333333333 0.010416666666666666 0.021354166666666667
2 0.38515625 0.659375 0.049479166666666664 0.14635416666666667
2 0.5541666666666667 0.6684895833333333 0.030208333333333334 0.09270833333333334
2 0.4901041666666667 0.6796875 0.05 0.0703125
6 0.49557291666666664 0.68046875 0.0109375 0.0203125
6 0.446875 0.69453125 0.010416666666666666 0.018489583333333334
0 0.5817708333333333 0.6947916666666667 0.011458333333333333 0.017708333333333333
0 0.7588541666666667 0.6994791666666667 0.011458333333333333 0.01953125
2 0.7596354166666667 0.703125 0.04114583333333333 0.12135416666666667
2 0.59453125 0.7119791666666667 0.0734375 0.08697916666666666
2 0.44921875 0.721875 0.03697916666666667 0.07682291666666667
0 0.7018229166666666 0.7296875 0.009895833333333333 0.023958333333333335
2 0.71484375 0.7671875 0.08072916666666667 0.134375
0 0.61953125 0.8171875 0.0109375 0.021354166666666667
2 0.6190104166666667 0.82734375 0.049479166666666664 0.12864583333333332