3 0.2513020833333333 0.37135416666666665 0.06302083333333333 0.12604166666666666
2 0.15026041666666667 0.4375 0.0953125 0.09895833333333333
2 0.2559895833333333 0.44947916666666665 0.04739583333333333 0.10104166666666667
6 0.12161458333333333 0.4778645833333333 0.015104166666666667 0.018489583333333334
2 0.190625 0.5005208333333333 0.06354166666666666 0.06953125
2 0.41432291666666665 0.5268229166666667 0.12239583333333333 0.11848958333333333
0 0.3828125 0.5463541666666667 0.011458333333333333 0.018489583333333334
3 0.203125 0.575 0.08333333333333333 0.08880208333333334
2 0.47213541666666664 0.6135416666666667 0.0609375 0.084375
6 0.45729166666666665 0.6161458333333333 0.009375 0.021354166666666667
3 0.33828125 0.6263020833333334 0.06197916666666667 0.10104166666666667
3 0.27447916666666666 0.6364583333333333 0.06354166666666666 0.09348958333333333
0 0.24973958333333332 0.64296875 0.009895833333333333 0.023177083333333334
6 0.3151041666666667 0.6518229166666667 0.00625 0.016666666666666666