6 0.58671875 0.265625 0.008854166666666666 0.022135416666666668
0 0.5458333333333333 0.27395833333333336 0.008333333333333333 0.018489583333333334
0 0.5653645833333333 0.2903645833333333 0.013020833333333334 0.023177083333333334
2 0.5671875 0.2921875 0.028125 0.0546875
3 0.5169270833333334 0.3028645833333333 0.0796875 0.08333333333333333
3 0.6072916666666667 0.30416666666666664 0.051041666666666666 0.09713541666666667
3 0.64453125 0.37447916666666664 0.07135416666666666 0.09348958333333333
0 0.49270833333333336 0.41484375 0.007291666666666667 0.018489583333333334
2 0.4875 0.43984375 0.05625 0.13333333333333333
3 0.59296875 0.4552083333333333 0.04114583333333333 0.05651041666666667
0 0.5807291666666666 0.46145833333333336 0.008333333333333333 0.01953125
3 0.5393229166666667 0.465625 0.03802083333333333 0.10182291666666667
6 0.58515625 0.5 0.0109375 0.018489583333333334
2 0.58671875 0.5369791666666667 0.059895833333333336 0.1
6 0.5028645833333333 0.80234375 0.0078125 0.01953125
2 0.48385416666666664 0.8166666666666667 0.06770833333333333 0.09635416666666667