0 0.6861979166666666 0.22552083333333334 0.018229166666666668 0.034375
2 0.6611979166666667 0.25885416666666666 0.0890625 0.14895833333333333
2 0.7291666666666666 0.296875 0.057291666666666664 0.1546875
3 0.64765625 0.35598958333333336 0.12864583333333332 0.12864583333333332
0 0.7109375 0.35598958333333336 0.016666666666666666 0.034375
3 0.7921875 0.37447916666666664 0.08958333333333333 0.08984375
3 0.5666666666666667 0.38697916666666665 0.08020833333333334 0.090625
0 0.6515625 0.4296875 0.016666666666666666 0.0296875
2 0.6953125 0.4583333333333333 0.10416666666666667 0.09453125
0 0.8627604166666667 0.47317708333333336 0.0171875 0.027864583333333335
2 0.8463541666666666 0.47734375 0.05 0.065625
6 0.6354166666666666 0.05 0.016666666666666666 0.03515625
6 0.63046875 0.5260416666666666 0.015104166666666667 0.031510416666666666
3 0.5934895833333333 0.534375 0.08802083333333334 0.090625
2 0.5903645833333333 0.059375 0.1203125 0.11484375
0 0.8721354166666667 0.7096354166666666 0.021354166666666667 0.03619791666666667
5 0.8822916666666667 0.7239583333333334 0.08020833333333334 0.14270833333333333
0 0.33151041666666664 0.8463541666666666 0.022395833333333334 0.03333333333333333
5 0.29140625 0.86484375 0.1046875 0.07604166666666666