6 0.45 0.940625 0.008333333333333333 0.013020833333333334
2 0.4705729166666667 0.9421875 0.07447916666666667 0.041666666666666664
0 0.48463541666666665 0.18333333333333332 0.0078125 0.01484375
2 0.4796875 0.19479166666666667 0.026041666666666668 0.0453125
2 0.11848958333333333 0.40286458333333336 0.034895833333333334 0.048177083333333336
6 0.11171875 0.4046875 0.009895833333333333 0.013020833333333334
6 0.11901041666666666 0.46953125 0.008854166666666666 0.016666666666666666
6 0.06041666666666667 0.4739583333333333 0.010416666666666666 0.016666666666666666
2 0.125 0.47604166666666664 0.034375 0.05182291666666667
2 0.071875 0.47682291666666665 0.035416666666666666 0.042708333333333334
0 0.8927083333333333 0.48203125 0.010416666666666666 0.015625
2 0.90078125 0.4822916666666667 0.0640625 0.05182291666666667
2 0.9619791666666667 0.48984375 0.030208333333333334 0.07786458333333333
0 0.971875 0.4921875 0.008333333333333333 0.015625
0 0.9005208333333333 0.5625 0.010416666666666666 0.017708333333333333
2 0.9015625 0.5625 0.028125 0.06380208333333333
2 0.9559895833333333 0.5653645833333333 0.07447916666666667 0.06380208333333333
0 0.9419270833333333 0.5666666666666667 0.009895833333333333 0.01484375
2 0.1296875 0.5666666666666667 0.03854166666666667 0.07213541666666666
6 0.12057291666666667 0.57265625 0.008854166666666666 0.015625