6 0.5158854166666667 0.35546875 0.013020833333333334 0.022135416666666668
2 0.5145833333333333 0.36953125 0.03854166666666667 0.07213541666666666
0 0.5307291666666667 0.4861979166666667 0.010416666666666666 0.023958333333333335
0 0.9799479166666667 0.4921875 0.009895833333333333 0.01953125
2 0.024739583333333332 0.5028645833333333 0.049479166666666664 0.048177083333333336
2 0.97109375 0.5041666666666667 0.05677083333333333 0.08125
0 0.01328125 0.509375 0.013020833333333334 0.01484375
2 0.50859375 0.515625 0.08385416666666666 0.11302083333333333
0 0.9971354166666667 0.5763020833333333 0.0046875 0.025520833333333333
2 0.9828125 0.5776041666666667 0.03333333333333333 0.05520833333333333
6 0.4786458333333333 0.6309895833333333 0.008333333333333333 0.01953125
2 0.98203125 0.6486979166666667 0.034895833333333334 0.0515625
2 0.032552083333333336 0.6510416666666666 0.04635416666666667 0.06484375
6 0.019791666666666666 0.653125 0.0125 0.01953125
3 0.49192708333333335 0.6578125 0.0671875 0.13802083333333334
2 0.009114583333333334 0.6731770833333334 0.018229166666666668 0.05
0 0.00546875 0.6809895833333334 0.009895833333333333 0.017708333333333333
2 0.09244791666666667 0.6927083333333334 0.059895833333333336 0.04635416666666667
6 0.0703125 0.6940104166666666 0.011458333333333333 0.01953125