2 0.6658854166666667 0.95703125 0.10677083333333333 0.04348958333333333
0 0.69375 0.9606770833333333 0.009375 0.021354166666666667
2 0.78671875 0.2713541666666667 0.07447916666666667 0.11302083333333333
0 0.8130208333333333 0.30182291666666666 0.010416666666666666 0.022135416666666668
2 0.8872395833333333 0.34869791666666666 0.06302083333333333 0.13619791666666667
3 0.7708333333333334 0.37734375 0.0625 0.09895833333333333
0 0.9044270833333333 0.39296875 0.011979166666666667 0.021354166666666667
3 0.85703125 0.44166666666666665 0.04635416666666667 0.06848958333333334
3 0.7721354166666666 0.48880208333333336 0.0359375 0.1703125
3 0.7059895833333333 0.5268229166666667 0.0546875 0.08697916666666666
0 0.7713541666666667 0.5286458333333334 0.011458333333333333 0.0296875
6 0.7276041666666667 0.5403645833333334 0.010416666666666666 0.021354166666666667
3 0.8049479166666667 0.5661458333333333 0.044270833333333336 0.06380208333333333
6 0.82578125 0.6125 0.011979166666666667 0.01953125
2 0.80859375 0.6197916666666666 0.0578125 0.05286458333333333
2 0.5450520833333333 0.8166666666666667 0.08385416666666666 0.08333333333333333
6 0.571875 0.825 0.009375 0.0203125