6 0.34375 0.21380208333333334 0.013541666666666667 0.023958333333333335
2 0.31197916666666664 0.234375 0.11666666666666667 0.08333333333333333
0 0.8309895833333333 0.33619791666666665 0.0140625 0.0203125
2 0.8015625 0.3385416666666667 0.10833333333333334 0.058333333333333334
2 0.018489583333333334 0.3671875 0.03697916666666667 0.034375
2 0.909375 0.37213541666666666 0.11666666666666667 0.05546875
0 0.940625 0.37734375 0.013541666666666667 0.01953125
2 0.0078125 0.43854166666666666 0.015625 0.0453125
2 0.27786458333333336 0.4471354166666667 0.10989583333333333 0.10364583333333334
0 0.7966145833333333 0.46145833333333336 0.009895833333333333 0.01953125
2 0.9143229166666667 0.4708333333333333 0.09739583333333333 0.06770833333333333
0 0.30234375 0.4708333333333333 0.011979166666666667 0.025
2 0.7682291666666666 0.471875 0.10625 0.06380208333333333
2 0.6528645833333333 0.48151041666666666 0.11302083333333333 0.09817708333333333
2 0.009635416666666667 0.4864583333333333 0.019270833333333334 0.041666666666666664
0 0.9557291666666666 0.490625 0.013541666666666667 0.018489583333333334
0 0.6830729166666667 0.5013020833333334 0.013020833333333334 0.021354166666666667
2 0.0109375 0.5565104166666667 0.021875 0.05182291666666667