6 0.30807291666666664 0.5072916666666667 0.0109375 0.018489583333333334
2 0.30390625 0.5184895833333333 0.04635416666666667 0.05546875
2 0.33958333333333335 0.55 0.03333333333333333 0.06848958333333334
0 0.33541666666666664 0.5513020833333333 0.009375 0.017708333333333333
2 0.13203125 0.5703125 0.0859375 0.07395833333333333
6 0.15338541666666666 0.6 0.009895833333333333 0.018489583333333334
2 0.0578125 0.603125 0.10729166666666666 0.06770833333333333
6 0.0828125 0.6184895833333334 0.013541666666666667 0.018489583333333334
2 0.23177083333333334 0.6296875 0.1 0.06666666666666667
2 0.30625 0.6309895833333333 0.06770833333333333 0.075
0 0.3302083333333333 0.6338541666666667 0.008333333333333333 0.017708333333333333
6 0.2630208333333333 0.6375 0.010416666666666666 0.01953125
2 0.40338541666666666 0.63984375 0.05260416666666667 0.10364583333333334
0 0.41875 0.6421875 0.010416666666666666 0.017708333333333333
2 0.20989583333333334 0.69453125 0.08958333333333333 0.05364583333333333
6 0.22734375 0.6994791666666667 0.0109375 0.017708333333333333
2 0.34088541666666666 0.7184895833333333 0.0390625 0.04453125
0 0.3453125 0.721875 0.010416666666666666 0.017708333333333333
2 0.33828125 0.7971354166666667 0.04739583333333333 0.06302083333333333
6 0.33125 0.8171875 0.011458333333333333 0.023177083333333334