2 0.9653645833333333 0.38619791666666664 0.049479166666666664 0.08697916666666666
0 0.4276041666666667 0.3880208333333333 0.010416666666666666 0.016666666666666666
0 0.9752604166666666 0.390625 0.011979166666666667 0.018489583333333334
2 0.42630208333333336 0.40234375 0.034895833333333334 0.058333333333333334
6 0.021614583333333333 0.5010416666666667 0.0109375 0.018489583333333334
2 0.03046875 0.50546875 0.03802083333333333 0.061197916666666664
0 0.9674479166666666 0.5059895833333333 0.015104166666666667 0.017708333333333333
2 0.9513020833333333 0.50703125 0.04739583333333333 0.08802083333333334
2 0.9036458333333334 0.5236979166666667 0.051041666666666666 0.08619791666666667
0 0.9169270833333333 0.53046875 0.009895833333333333 0.016666666666666666
2 0.044270833333333336 0.55546875 0.04791666666666667 0.042708333333333334
6 0.0390625 0.5614583333333333 0.011458333333333333 0.01953125
2 0.0109375 0.5708333333333333 0.021875 0.051041666666666666
2 0.8924479166666667 0.5786458333333333 0.06197916666666667 0.06484375
0 0.9161458333333333 0.5953125 0.014583333333333334 0.016666666666666666