0 0.3690104166666667 0.009635416666666667 0.0078125 0.017708333333333333
2 0.371875 0.0171875 0.014583333333333334 0.03229166666666667
0 0.5 0.228125 0.010416666666666666 0.01953125
5 0.5 0.23645833333333333 0.022916666666666665 0.08229166666666667
0 0.34322916666666664 0.027864583333333335 0.009375 0.018489583333333334
2 0.10442708333333334 0.296875 0.04010416666666667 0.07864583333333333
0 0.11328125 0.30833333333333335 0.013020833333333334 0.0203125
2 0.34609375 0.03567708333333333 0.0203125 0.03619791666666667
0 0.08307291666666666 0.39453125 0.0109375 0.018489583333333334
2 0.10130208333333333 0.39479166666666665 0.04739583333333333 0.07135416666666666
2 0.8380208333333333 0.41015625 0.025 0.09453125
6 0.8299479166666667 0.43020833333333336 0.0078125 0.017708333333333333
2 0.5973958333333333 0.046875 0.027083333333333334 0.09166666666666666
2 0.12005208333333334 0.47317708333333336 0.0734375 0.059375
6 0.9721354166666667 0.48020833333333335 0.009895833333333333 0.017708333333333333
0 0.13046875 0.48385416666666664 0.0109375 0.017708333333333333
2 0.9713541666666666 0.48463541666666665 0.035416666666666666 0.084375
2 0.8966145833333333 0.4856770833333333 0.034895833333333334 0.03619791666666667
6 0.8997395833333334 0.4856770833333333 0.011979166666666667 0.015625
2 0.6330729166666667 0.051041666666666666 0.025520833333333333 0.04453125
6 0.8072916666666666 0.5166666666666667 0.009375 0.01484375
2 0.8268229166666666 0.51953125 0.0921875 0.038802083333333334
6 0.6018229166666667 0.053125 0.008854166666666666 0.017708333333333333
0 0.14088541666666668 0.5427083333333333 0.0109375 0.018489583333333334
2 0.12578125 0.5552083333333333 0.08385416666666666 0.06015625
6 0.6346354166666667 0.06354166666666666 0.008854166666666666 0.017708333333333333
5 0.5005208333333333 0.8143229166666667 0.041666666666666664 0.06197916666666667
6 0.49583333333333335 0.82734375 0.009375 0.017708333333333333
5 0.3828125 0.8346354166666666 0.03854166666666667 0.09895833333333333
0 0.3690104166666667 0.86484375 0.009895833333333333 0.016666666666666666