6 0.45859375 0.9296875 0.009895833333333333 0.01484375
2 0.4796875 0.9333333333333333 0.07604166666666666 0.03515625
0 0.484375 0.196875 0.009375 0.015625
2 0.48098958333333336 0.21197916666666666 0.0234375 0.05364583333333333
6 0.125 0.4046875 0.009375 0.01484375
2 0.13125 0.40546875 0.034375 0.06848958333333334
6 0.12916666666666668 0.4661458333333333 0.010416666666666666 0.015625
6 0.0734375 0.471875 0.010416666666666666 0.01015625
2 0.08619791666666667 0.47213541666666664 0.034895833333333334 0.038802083333333334
2 0.13645833333333332 0.4739583333333333 0.03229166666666667 0.05182291666666667
2 0.88671875 0.48203125 0.06197916666666667 0.06197916666666667
0 0.8809895833333333 0.48515625 0.0109375 0.016666666666666666
0 0.9520833333333333 0.4953125 0.010416666666666666 0.016666666666666666
2 0.9455729166666667 0.5135416666666667 0.0390625 0.08802083333333334
2 0.140625 0.5546875 0.03229166666666667 0.06848958333333334
2 0.8924479166666667 0.5583333333333333 0.0265625 0.05
0 0.8859375 0.5614583333333333 0.009375 0.013802083333333333
2 0.9458333333333333 0.5661458333333333 0.07916666666666666 0.058333333333333334
0 0.92890625 0.5677083333333334 0.011979166666666667 0.01484375
6 0.1328125 0.5684895833333333 0.009375 0.016666666666666666