0 0.4825520833333333 0.20364583333333333 0.0067708333333333336 0.013020833333333334
5 0.4817708333333333 0.209375 0.022916666666666665 0.03697916666666667
6 0.14973958333333334 0.4010416666666667 0.008854166666666666 0.011197916666666667
2 0.15208333333333332 0.4010416666666667 0.03229166666666667 0.05364583333333333
6 0.1546875 0.4578125 0.009375 0.021354166666666667
6 0.09947916666666666 0.4583333333333333 0.010416666666666666 0.01484375
2 0.11171875 0.46145833333333336 0.033854166666666664 0.03984375
2 0.15833333333333333 0.4661458333333333 0.03333333333333333 0.06770833333333333
2 0.86796875 0.478125 0.059895833333333336 0.0453125
0 0.8609375 0.48046875 0.009375 0.01484375
0 0.9236979166666667 0.4856770833333333 0.0109375 0.011979166666666667
2 0.92578125 0.4869791666666667 0.028645833333333332 0.061197916666666664
2 0.16380208333333332 0.5380208333333333 0.0328125 0.06666666666666667
0 0.8669270833333333 0.5453125 0.008854166666666666 0.016666666666666666
6 0.15911458333333334 0.5463541666666667 0.009895833333333333 0.01484375
2 0.8651041666666667 0.5505208333333333 0.035416666666666666 0.08046875
2 0.92421875 0.5510416666666667 0.08177083333333333 0.059375
0 0.9059895833333333 0.5572916666666666 0.008854166666666666 0.01484375
2 0.49661458333333336 0.9013020833333333 0.07135416666666666 0.03229166666666667
6 0.4791666666666667 0.9028645833333333 0.007291666666666667 0.011197916666666667