2 0.4270833333333333 0.9877604166666667 0.084375 0.0234375
0 0.49140625 0.13984375 0.009895833333333333 0.022135416666666668
2 0.49192708333333335 0.15703125 0.0296875 0.06197916666666667
6 0.07109375 0.39296875 0.0109375 0.021354166666666667
2 0.07552083333333333 0.3953125 0.04375 0.05
6 0.009114583333333334 0.4713541666666667 0.011979166666666667 0.0203125
6 0.07838541666666667 0.47317708333333336 0.0109375 0.016666666666666666
2 0.08125 0.47317708333333336 0.04791666666666667 0.059375
2 0.025 0.47369791666666666 0.042708333333333334 0.05286458333333333
0 0.9309895833333334 0.47552083333333334 0.0140625 0.023177083333333334
2 0.9427083333333334 0.4791666666666667 0.084375 0.06197916666666667
2 0.9442708333333333 0.5635416666666667 0.04583333333333333 0.06953125
0 0.94375 0.5708333333333333 0.013541666666666667 0.023177083333333334
2 0.9838541666666667 0.57578125 0.03125 0.058854166666666666
0 0.9932291666666667 0.578125 0.010416666666666666 0.015625
6 0.08125 0.5786458333333333 0.0125 0.022135416666666668
2 0.09244791666666667 0.58046875 0.0359375 0.061197916666666664