0 0.59296875 0.3078125 0.016145833333333335 0.03046875
0 0.46171875 0.34869791666666666 0.0140625 0.026822916666666665
3 0.5606770833333333 0.37734375 0.0859375 0.175
3 0.5856770833333333 0.4296875 0.0515625 0.15729166666666666
6 0.75859375 0.4296875 0.018229166666666668 0.038802083333333334
3 0.4703125 0.4315104166666667 0.042708333333333334 0.19635416666666666
3 0.49973958333333335 0.44296875 0.03802083333333333 0.18619791666666666
2 0.7486979166666666 0.49713541666666666 0.044270833333333336 0.30546875
6 0.6536458333333334 0.5130208333333334 0.013541666666666667 0.031510416666666666
0 0.5942708333333333 0.5356770833333333 0.0125 0.026822916666666665
2 0.6403645833333333 0.5796875 0.05260416666666667 0.3
6 0.47552083333333334 0.6005208333333333 0.016666666666666666 0.03229166666666667
0 0.2669270833333333 0.6083333333333333 0.018229166666666668 0.031510416666666666
3 0.5625 0.6221354166666667 0.078125 0.209375
0 0.8708333333333333 0.6286458333333333 0.020833333333333332 0.03333333333333333
2 0.50390625 0.671875 0.08697916666666666 0.29713541666666665
5 0.2721354166666667 0.684375 0.043229166666666666 0.26848958333333334
5 0.8645833333333334 0.7065104166666667 0.11822916666666666 0.284375