2 0.19036458333333334 0.0140625 0.033854166666666664 0.028125
2 0.5893229166666667 0.020833333333333332 0.025520833333333333 0.041666666666666664
5 0.36041666666666666 0.4356770833333333 0.0020833333333333333 0.002864583333333333
0 0.4388020833333333 0.46145833333333336 0.008854166666666666 0.021354166666666667
3 0.4140625 0.47682291666666665 0.09270833333333334 0.061197916666666664
2 0.2994791666666667 0.5239583333333333 0.059375 0.10182291666666667
0 0.31328125 0.603125 0.009895833333333333 0.021354166666666667
3 0.4375 0.6046875 0.09583333333333334 0.057291666666666664
6 0.49296875 0.6096354166666667 0.011979166666666667 0.01953125
0 0.3421875 0.6255208333333333 0.010416666666666666 0.017708333333333333
2 0.290625 0.6309895833333333 0.07604166666666666 0.11197916666666667
2 0.31276041666666665 0.6510416666666666 0.0984375 0.109375
3 0.4703125 0.6635416666666667 0.07916666666666666 0.13802083333333334
0 0.3419270833333333 0.6869791666666667 0.011979166666666667 0.0203125
2 0.32057291666666665 0.7088541666666667 0.09427083333333333 0.09348958333333333
2 0.3346354166666667 0.79765625 0.0421875 0.065625
6 0.35104166666666664 0.8088541666666667 0.011458333333333333 0.021354166666666667