5 0.253125 0.0296875 0.06458333333333334 0.059375
3 0.20052083333333334 0.4203125 0.21041666666666667 0.12395833333333334
2 0.9479166666666666 0.49140625 0.103125 0.12552083333333333
6 0.9421875 0.49713541666666666 0.03229166666666667 0.04635416666666667
3 0.5268229166666667 0.515625 0.16302083333333334 0.19817708333333334
3 0.32265625 0.5427083333333333 0.16927083333333334 0.15364583333333334
0 0.009114583333333334 0.61484375 0.018229166666666668 0.03697916666666667
2 0.032552083333333336 0.653125 0.06510416666666667 0.115625
2 0.89375 0.65859375 0.21145833333333333 0.10052083333333334
6 0.8177083333333334 0.6614583333333334 0.021875 0.047135416666666666
2 0.6809895833333334 0.6981770833333333 0.2359375 0.24270833333333333
0 0.6138020833333333 0.73046875 0.0265625 0.04453125
3 0.22942708333333334 0.7481770833333333 0.17447916666666666 0.16302083333333334
0 0.2947916666666667 0.7875 0.019791666666666666 0.03802083333333333