6 0.50390625 0.09296875 0.009895833333333333 0.01953125
2 0.4544270833333333 0.09348958333333333 0.0328125 0.05546875
2 0.49453125 0.109375 0.06510416666666667 0.06848958333333334
0 0.44140625 0.02734375 0.0109375 0.023177083333333334
0 0.30833333333333335 0.030989583333333334 0.0125 0.01953125
2 0.51015625 0.3138020833333333 0.04010416666666667 0.08880208333333334
6 0.5005208333333333 0.3171875 0.010416666666666666 0.021354166666666667
2 0.4479166666666667 0.0375 0.051041666666666666 0.075
6 0.52890625 0.041666666666666664 0.013020833333333334 0.022135416666666668
2 0.3143229166666667 0.048177083333333336 0.03802083333333333 0.07213541666666666
2 0.5252604166666667 0.05416666666666667 0.0296875 0.075
2 0.5830729166666667 0.07630208333333334 0.03802083333333333 0.07682291666666667
6 0.5880208333333333 0.07786458333333333 0.0125 0.022135416666666668
0 0.5083333333333333 0.7796875 0.011458333333333333 0.023958333333333335
2 0.5106770833333333 0.78203125 0.0203125 0.065625
0 0.44895833333333335 0.09036458333333333 0.013541666666666667 0.021354166666666667