0 0.36822916666666666 0.09296875 0.016666666666666666 0.03046875
0 0.035416666666666666 0.9643229166666667 0.01875 0.028645833333333332
5 0.023697916666666666 0.96484375 0.04739583333333333 0.06927083333333334
6 0.22083333333333333 0.16067708333333333 0.017708333333333333 0.03984375
2 0.17838541666666666 0.184375 0.1546875 0.10182291666666667
2 0.40729166666666666 0.38697916666666665 0.090625 0.159375
0 0.44140625 0.42682291666666666 0.022395833333333334 0.03333333333333333
2 0.3307291666666667 0.459375 0.17083333333333334 0.08697916666666666
2 0.07083333333333333 0.46848958333333335 0.13958333333333334 0.08880208333333334
6 0.37083333333333335 0.46979166666666666 0.015625 0.01953125
6 0.09869791666666666 0.47265625 0.019270833333333334 0.03046875
3 0.44453125 0.5130208333333334 0.07552083333333333 0.09635416666666667
2 0.2328125 0.5197916666666667 0.08854166666666667 0.13046875
6 0.26640625 0.571875 0.016145833333333335 0.026822916666666665
2 0.0859375 0.6619791666666667 0.15833333333333333 0.09635416666666667
5 0.32083333333333336 0.06848958333333334 0.159375 0.09635416666666667
0 0.1265625 0.6953125 0.023958333333333335 0.026041666666666668
0 0.546875 0.76796875 0.015625 0.028645833333333332
5 0.5216145833333333 0.7958333333333333 0.1140625 0.10104166666666667