2 0.42916666666666664 0.9854166666666667 0.041666666666666664 0.028125
2 0.5252604166666667 0.1171875 0.1078125 0.08046875
6 0.55703125 0.13020833333333334 0.013020833333333334 0.021354166666666667
2 0.58046875 0.29270833333333335 0.06822916666666666 0.14453125
0 0.59609375 0.334375 0.009895833333333333 0.022135416666666668
2 0.6940104166666666 0.3697916666666667 0.0984375 0.09348958333333333
2 0.4903645833333333 0.38229166666666664 0.07447916666666667 0.13333333333333333
6 0.7223958333333333 0.3953125 0.0125 0.023958333333333335
6 0.5075520833333333 0.4088541666666667 0.0109375 0.023177083333333334
2 0.7059895833333333 0.43020833333333336 0.09322916666666667 0.11953125
0 0.7302083333333333 0.45729166666666665 0.0125 0.022135416666666668
3 0.5830729166666667 0.5385416666666667 0.07239583333333334 0.1546875
2 0.4471354166666667 0.5421875 0.0609375 0.18802083333333333
2 0.70234375 0.56796875 0.058854166666666666 0.17135416666666667
2 0.5489583333333333 0.5755208333333334 0.04583333333333333 0.18229166666666666
6 0.45390625 0.5861979166666667 0.011979166666666667 0.026041666666666668
0 0.7200520833333334 0.6135416666666667 0.011979166666666667 0.01953125
0 0.5536458333333333 0.63046875 0.010416666666666666 0.022135416666666668
3 0.6244791666666667 0.6802083333333333 0.03958333333333333 0.18984375
3 0.5947916666666667 0.7239583333333334 0.06979166666666667 0.14270833333333333
2 0.5109375 0.8036458333333333 0.08958333333333333 0.08880208333333334
0 0.55 0.81484375 0.010416666666666666 0.0203125