6 0.8963541666666667 0.253125 0.009375 0.011979166666666667
3 0.9013020833333333 0.2635416666666667 0.0265625 0.047135416666666666
2 0.08671875 0.2671875 0.0234375 0.065625
0 0.08333333333333333 0.28046875 0.005208333333333333 0.011197916666666667
6 0.24270833333333333 0.39895833333333336 0.007291666666666667 0.009375
2 0.24348958333333334 0.39947916666666666 0.0234375 0.03802083333333333
3 0.9533854166666667 0.4153645833333333 0.0296875 0.05286458333333333
6 0.9611979166666667 0.4276041666666667 0.0078125 0.009375
6 0.24947916666666667 0.4375 0.00625 0.01015625
6 0.21145833333333333 0.43984375 0.00625 0.011197916666666667
2 0.21692708333333333 0.44114583333333335 0.018229166666666668 0.03046875
2 0.2520833333333333 0.4427083333333333 0.01875 0.031510416666666666
0 0.7682291666666666 0.45729166666666665 0.007291666666666667 0.011197916666666667
2 0.7763020833333333 0.4578125 0.043229166666666666 0.0453125
2 0.8169270833333333 0.46119791666666665 0.022395833333333334 0.040625
0 0.8184895833333333 0.46119791666666665 0.0067708333333333336 0.013020833333333334
2 0.2565104166666667 0.48854166666666665 0.0234375 0.03046875
6 0.2484375 0.49270833333333336 0.005208333333333333 0.013020833333333334
0 0.7739583333333333 0.5018229166666667 0.00625 0.011197916666666667
0 0.8200520833333333 0.50546875 0.0067708333333333336 0.011197916666666667
2 0.7744791666666667 0.5106770833333333 0.016666666666666666 0.065625
2 0.82734375 0.5125 0.021354166666666667 0.03229166666666667
2 0.5552083333333333 0.7677083333333333 0.051041666666666666 0.022135416666666668
6 0.54296875 0.7684895833333333 0.0078125 0.009375
3 0.9096354166666667 0.81484375 0.05677083333333333 0.059375