0 0.48411458333333335 0.13984375 0.0140625 0.023958333333333335
5 0.5221354166666666 0.15703125 0.12552083333333333 0.06015625
0 0.5658854166666667 0.43645833333333334 0.0140625 0.026822916666666665
2 0.5981770833333333 0.44895833333333335 0.12239583333333333 0.057291666666666664
3 0.3078125 0.5088541666666667 0.11354166666666667 0.047135416666666666
6 0.6838541666666667 0.5322916666666667 0.011458333333333333 0.023958333333333335
2 0.715625 0.5361979166666667 0.1125 0.07786458333333333
6 0.57890625 0.5440104166666667 0.013020833333333334 0.03046875
3 0.3151041666666667 0.5486979166666667 0.10208333333333333 0.0453125
2 0.6190104166666667 0.5578125 0.12760416666666666 0.1046875
0 0.48984375 0.5684895833333333 0.0140625 0.026041666666666668
0 0.38333333333333336 0.5786458333333333 0.013541666666666667 0.0296875
2 0.5171875 0.5861979166666667 0.11979166666666667 0.1
2 0.428125 0.59453125 0.12604166666666666 0.08151041666666667
2 0.40208333333333335 0.653125 0.078125 0.07682291666666667
0 0.28854166666666664 0.6588541666666666 0.014583333333333334 0.026822916666666665
5 0.3328125 0.6833333333333333 0.103125 0.08880208333333334
0 0.8385416666666666 0.79453125 0.014583333333333334 0.026041666666666668
5 0.8885416666666667 0.8010416666666667 0.11354166666666667 0.12786458333333334