0 0.37916666666666665 0.10182291666666667 0.019791666666666666 0.03697916666666667
6 0.2638020833333333 0.17734375 0.016145833333333335 0.026822916666666665
2 0.3611979166666667 0.1796875 0.10364583333333334 0.23515625
0 0.30052083333333335 0.19270833333333334 0.015625 0.0296875
2 0.23567708333333334 0.20833333333333334 0.14427083333333332 0.140625
2 0.29921875 0.21380208333333334 0.04739583333333333 0.10364583333333334
2 0.26328125 0.28567708333333336 0.09322916666666667 0.115625
6 0.27890625 0.29765625 0.016145833333333335 0.026822916666666665
2 0.20104166666666667 0.03203125 0.05 0.06380208333333333
2 0.1484375 0.328125 0.06979166666666667 0.10833333333333334
6 0.5989583333333334 0.35963541666666665 0.014583333333333334 0.03229166666666667
0 0.15546875 0.3606770833333333 0.0171875 0.03229166666666667
5 0.4088541666666667 0.03671875 0.06458333333333334 0.0734375
2 0.55625 0.36302083333333335 0.11354166666666667 0.07786458333333333
5 0.7302083333333333 0.45651041666666664 0.05520833333333333 0.09453125
0 0.7361979166666667 0.4661458333333333 0.019270833333333334 0.028645833333333332
0 0.16380208333333332 0.54453125 0.018229166666666668 0.0296875
2 0.4546875 0.5630208333333333 0.13020833333333334 0.11848958333333333
2 0.18723958333333332 0.5861979166666667 0.08802083333333334 0.190625
6 0.46796875 0.5864583333333333 0.016145833333333335 0.03046875
5 0.29609375 0.7236979166666667 0.050520833333333334 0.08229166666666667
0 0.2869791666666667 0.734375 0.019791666666666666 0.0296875