2 0.6291666666666667 0.10598958333333333 0.016666666666666666 0.06015625
2 0.6083333333333333 0.10833333333333334 0.029166666666666667 0.06302083333333333
2 0.21953125 0.15546875 0.0765625 0.08880208333333334
0 0.2390625 0.16770833333333332 0.0125 0.018489583333333334
5 0.5046875 0.24635416666666668 0.06979166666666667 0.08333333333333333
0 0.4934895833333333 0.2755208333333333 0.009895833333333333 0.021354166666666667
0 0.31666666666666665 0.3875 0.011458333333333333 0.017708333333333333
0 0.3729166666666667 0.039322916666666666 0.007291666666666667 0.011979166666666667
2 0.28463541666666664 0.39401041666666664 0.08072916666666667 0.06953125
0 0.23984375 0.4328125 0.008854166666666666 0.017708333333333333
2 0.20911458333333333 0.43515625 0.07552083333333333 0.048177083333333336
0 0.3690104166666667 0.4434895833333333 0.008854166666666666 0.01484375
2 0.6807291666666667 0.4518229166666667 0.05625 0.031510416666666666
2 0.37395833333333334 0.04583333333333333 0.021875 0.025
2 0.34375 0.45729166666666665 0.090625 0.040625
6 0.5786458333333333 0.48984375 0.007291666666666667 0.01484375
2 0.5997395833333333 0.48984375 0.058854166666666666 0.042708333333333334
6 0.6955729166666667 0.49166666666666664 0.008854166666666666 0.016666666666666666
6 0.8072916666666666 0.49296875 0.010416666666666666 0.017708333333333333
2 0.72265625 0.49583333333333335 0.09010416666666667 0.047135416666666666
2 0.83046875 0.49713541666666666 0.10052083333333334 0.05
0 0.33567708333333335 0.5385416666666667 0.009895833333333333 0.017708333333333333
2 0.309375 0.5505208333333333 0.0875 0.06015625
0 0.3484375 0.05651041666666667 0.007291666666666667 0.013020833333333334
2 0.35390625 0.05963541666666667 0.022395833333333334 0.03046875
6 0.4986979166666667 0.8328125 0.008854166666666666 0.015625
5 0.49895833333333334 0.8440104166666667 0.025 0.03984375
6 0.6114583333333333 0.08645833333333333 0.00625 0.013802083333333333
0 0.35625 0.8625 0.009375 0.017708333333333333
5 0.36171875 0.875 0.04010416666666667 0.06302083333333333
6 0.6330729166666667 0.08932291666666667 0.008854166666666666 0.011979166666666667