6 0.56875 0.9333333333333333 0.013541666666666667 0.022135416666666668
2 0.5700520833333333 0.93984375 0.0421875 0.05546875
0 0.6708333333333333 0.953125 0.009375 0.015625
2 0.6302083333333334 0.95703125 0.03333333333333333 0.075
0 0.6375 0.9713541666666666 0.010416666666666666 0.018489583333333334
3 0.5276041666666667 0.17786458333333333 0.03854166666666667 0.14817708333333332
0 0.52890625 0.21536458333333333 0.0109375 0.017708333333333333
2 0.5572916666666666 0.6703125 0.04479166666666667 0.06848958333333334
6 0.56484375 0.6893229166666667 0.009895833333333333 0.01953125
2 0.6083333333333333 0.7106770833333333 0.04583333333333333 0.075
0 0.6208333333333333 0.7296875 0.009375 0.016666666666666666
2 0.5260416666666666 0.77265625 0.040625 0.09713541666666667
6 0.5200520833333333 0.7940104166666667 0.011979166666666667 0.023177083333333334
2 0.5802083333333333 0.7953125 0.030208333333333334 0.07604166666666666
6 0.5825520833333333 0.803125 0.011979166666666667 0.017708333333333333
2 0.5638020833333334 0.8875 0.043229166666666666 0.14348958333333334
0 0.5645833333333333 0.8986979166666667 0.0125 0.017708333333333333
2 0.6471354166666666 0.9111979166666667 0.059895833333333336 0.10546875