0 0.7700520833333333 0.13697916666666668 0.013020833333333334 0.022135416666666668
3 0.7466145833333333 0.13854166666666667 0.0671875 0.07135416666666666
2 0.76796875 0.18697916666666667 0.034895833333333334 0.038802083333333334
6 0.7760416666666666 0.19270833333333334 0.011458333333333333 0.0203125
3 0.78671875 0.22395833333333334 0.08177083333333333 0.048177083333333336
2 0.8411458333333334 0.23984375 0.0375 0.059375
0 0.8510416666666667 0.24166666666666667 0.011458333333333333 0.01484375
3 0.7458333333333333 0.26145833333333335 0.041666666666666664 0.07864583333333333
3 0.678125 0.309375 0.04375 0.09453125
3 0.7244791666666667 0.31614583333333335 0.06145833333333333 0.14713541666666666
2 0.8119791666666667 0.3763020833333333 0.051041666666666666 0.1546875
6 0.8192708333333333 0.43046875 0.010416666666666666 0.016666666666666666
0 0.5799479166666667 0.6278645833333333 0.011979166666666667 0.027864583333333335
2 0.55625 0.6361979166666667 0.075 0.08697916666666666
3 0.9731770833333333 0.9078125 0.05260416666666667 0.040625
6 0.96953125 0.909375 0.009895833333333333 0.013020833333333334