0 0.38776041666666666 0.13203125 0.011979166666666667 0.025
2 0.4197916666666667 0.15104166666666666 0.11979166666666667 0.07786458333333333
3 0.23385416666666667 0.37734375 0.084375 0.12864583333333332
2 0.2838541666666667 0.390625 0.0625 0.10364583333333334
6 0.35182291666666665 0.42135416666666664 0.0140625 0.0203125
2 0.378125 0.4434895833333333 0.08645833333333333 0.1296875
3 0.23645833333333333 0.45651041666666664 0.03958333333333333 0.13151041666666666
0 0.29609375 0.4635416666666667 0.011979166666666667 0.026822916666666665
2 0.3182291666666667 0.49635416666666665 0.096875 0.13515625
6 0.23125 0.4986979166666667 0.0125 0.017708333333333333
2 0.24791666666666667 0.5244791666666667 0.071875 0.09895833333333333
0 0.2203125 0.53984375 0.011458333333333333 0.0203125
2 0.24895833333333334 0.5518229166666667 0.10416666666666667 0.10182291666666667
6 0.35911458333333335 0.58203125 0.011979166666666667 0.017708333333333333
2 0.37135416666666665 0.6236979166666666 0.08125 0.18984375
0 0.3411458333333333 0.63046875 0.011458333333333333 0.023958333333333335
6 0.19817708333333334 0.6338541666666667 0.008854166666666666 0.017708333333333333
3 0.21015625 0.6559895833333333 0.058854166666666666 0.11015625
0 0.13411458333333334 0.675 0.011979166666666667 0.018489583333333334
2 0.3572916666666667 0.6755208333333333 0.06875 0.14713541666666666
2 0.15859375 0.71015625 0.06302083333333333 0.09453125
6 0.35598958333333336 0.7916666666666666 0.0140625 0.022135416666666668
2 0.3614583333333333 0.8380208333333333 0.03125 0.16119791666666666
6 0.48802083333333335 0.9083333333333333 0.011458333333333333 0.023958333333333335
2 0.5166666666666667 0.9083333333333333 0.11354166666666667 0.05