2 0.7588541666666667 0.9908854166666666 0.07604166666666666 0.0171875
6 0.4513020833333333 0.19348958333333333 0.0078125 0.01484375
2 0.4544270833333333 0.19453125 0.027604166666666666 0.048177083333333336
6 0.018229166666666668 0.40651041666666665 0.010416666666666666 0.016666666666666666
2 0.97421875 0.40729166666666666 0.0390625 0.07213541666666666
0 0.9875 0.41067708333333336 0.011458333333333333 0.01953125
2 0.028385416666666666 0.4119791666666667 0.0453125 0.04635416666666667
2 0.99453125 0.46458333333333335 0.009895833333333333 0.03854166666666667
2 0.05755208333333333 0.46536458333333336 0.04114583333333333 0.047135416666666666
6 0.051041666666666666 0.471875 0.0125 0.015625
5 0.01171875 0.4875 0.0234375 0.041666666666666664
2 0.04401041666666667 0.5291666666666667 0.044270833333333336 0.04895833333333333
2 0.9653645833333333 0.5356770833333333 0.04010416666666667 0.051041666666666666
0 0.9770833333333333 0.5364583333333334 0.010416666666666666 0.017708333333333333
6 0.027083333333333334 0.5369791666666667 0.011458333333333333 0.022135416666666668
2 0.9942708333333333 0.54765625 0.010416666666666666 0.027604166666666666