2 0.5234375 0.178125 0.125 0.115625
0 0.4739583333333333 0.20416666666666666 0.017708333333333333 0.04348958333333333
2 0.5583333333333333 0.30885416666666665 0.14166666666666666 0.09713541666666667
6 0.5177083333333333 0.32317708333333334 0.019791666666666666 0.038802083333333334
3 0.4036458333333333 0.39296875 0.1375 0.06953125
6 0.6776041666666667 0.403125 0.017708333333333333 0.03619791666666667
2 0.5677083333333334 0.41354166666666664 0.16875 0.07317708333333334
0 0.5265625 0.41770833333333335 0.019791666666666666 0.03515625
2 0.72265625 0.41848958333333336 0.16614583333333333 0.09453125
0 0.34140625 0.4434895833333333 0.0203125 0.03697916666666667
3 0.39375 0.4708333333333333 0.146875 0.09348958333333333
2 0.7494791666666667 0.525 0.1375 0.0703125
0 0.6927083333333334 0.5416666666666666 0.021875 0.03515625
2 0.49505208333333334 0.5963541666666666 0.16614583333333333 0.06484375
6 0.44453125 0.5971354166666667 0.019270833333333334 0.031510416666666666
6 0.515625 0.075 0.021875 0.040625
5 0.8236979166666667 0.7703125 0.1765625 0.109375
0 0.7739583333333333 0.7713541666666667 0.021875 0.03515625
0 0.26640625 0.8171875 0.021354166666666667 0.041666666666666664
2 0.5747395833333333 0.08463541666666667 0.13802083333333334 0.07682291666666667
5 0.3067708333333333 0.8440104166666667 0.14791666666666667 0.22135416666666666