3 0.43697916666666664 0.9505208333333334 0.028125 0.09791666666666667
2 0.46197916666666666 0.12317708333333334 0.028125 0.05
6 0.45729166666666665 0.13385416666666666 0.011458333333333333 0.021354166666666667
3 0.39166666666666666 0.453125 0.0625 0.05286458333333333
3 0.42916666666666664 0.4671875 0.05 0.08984375
0 0.4708333333333333 0.4822916666666667 0.009375 0.022135416666666668
2 0.48411458333333335 0.5239583333333333 0.06510416666666667 0.12213541666666666
0 0.3927083333333333 0.5260416666666666 0.009375 0.018489583333333334
3 0.51796875 0.5361979166666667 0.0421875 0.08880208333333334
3 0.4122395833333333 0.5546875 0.08385416666666666 0.08151041666666667
6 0.42421875 0.6078125 0.009895833333333333 0.017708333333333333
2 0.44453125 0.61953125 0.09114583333333333 0.06484375
0 0.44635416666666666 0.6518229166666667 0.011458333333333333 0.0203125
2 0.46328125 0.6755208333333333 0.058854166666666666 0.07682291666666667
6 0.45390625 0.8161458333333333 0.008854166666666666 0.01953125
2 0.45546875 0.8346354166666666 0.04010416666666667 0.09348958333333333
2 0.73125 0.8916666666666667 0.03854166666666667 0.07786458333333333
2 0.1671875 0.9130208333333333 0.07604166666666666 0.07604166666666666
6 0.73125 0.91796875 0.009375 0.017708333333333333
0 0.15833333333333333 0.9231770833333334 0.0125 0.027864583333333335