0 0.22421875 0.9328125 0.0203125 0.03802083333333333
5 0.26901041666666664 0.9510416666666667 0.11510416666666666 0.08333333333333333
0 0.15572916666666667 0.10703125 0.019791666666666666 0.034375
6 0.18203125 0.159375 0.018229166666666668 0.026041666666666668
6 0.31692708333333336 0.16484375 0.016145833333333335 0.03333333333333333
2 0.15416666666666667 0.20104166666666667 0.071875 0.22395833333333334
3 0.34791666666666665 0.20963541666666666 0.0875 0.20651041666666667
2 0.18307291666666667 0.23463541666666668 0.05364583333333333 0.18984375
0 0.25416666666666665 0.26145833333333335 0.019791666666666666 0.03229166666666667
6 0.3028645833333333 0.26796875 0.021354166666666667 0.03046875
2 0.2598958333333333 0.32447916666666665 0.052083333333333336 0.16197916666666667
2 0.30364583333333334 0.33098958333333334 0.04895833333333333 0.16015625
0 0.22057291666666667 0.33697916666666666 0.019270833333333334 0.031510416666666666
2 0.24791666666666667 0.39869791666666665 0.10833333333333334 0.27317708333333335
2 0.37526041666666665 0.05182291666666667 0.09375 0.10104166666666667
0 0.184375 0.5416666666666666 0.014583333333333334 0.026041666666666668
6 0.24375 0.5463541666666667 0.022916666666666665 0.03333333333333333
2 0.2638020833333333 0.56953125 0.0640625 0.13515625
2 0.19453125 0.6018229166666667 0.05572916666666667 0.20729166666666668
0 0.8125 0.7619791666666667 0.020833333333333332 0.03515625
3 0.3572916666666667 0.8184895833333333 0.10208333333333333 0.18333333333333332
5 0.8270833333333333 0.8565104166666667 0.057291666666666664 0.22604166666666667