2 0.8002604166666667 0.9403645833333333 0.05260416666666667 0.0953125
0 0.81953125 0.9739583333333334 0.013020833333333334 0.0203125
2 0.83046875 0.44947916666666665 0.05260416666666667 0.051041666666666666
6 0.8330729166666667 0.45416666666666666 0.011979166666666667 0.01953125
2 0.6661458333333333 0.5213541666666667 0.09479166666666666 0.08697916666666666
0 0.5901041666666667 0.52734375 0.010416666666666666 0.017708333333333333
2 0.5815104166666667 0.5328125 0.06822916666666666 0.08619791666666667
0 0.628125 0.55 0.011458333333333333 0.018489583333333334
2 0.8455729166666667 0.58046875 0.0609375 0.06666666666666667
6 0.85234375 0.5911458333333334 0.011979166666666667 0.01953125
2 0.63984375 0.59453125 0.0453125 0.1203125
2 0.93203125 0.6046875 0.0828125 0.140625
0 0.6408854166666667 0.6125 0.0109375 0.01953125
6 0.9213541666666667 0.63984375 0.011458333333333333 0.018489583333333334
2 0.5559895833333334 0.6440104166666667 0.05260416666666667 0.12864583333333332
0 0.5473958333333333 0.6541666666666667 0.009375 0.015625
2 0.7169270833333333 0.68046875 0.11510416666666666 0.059375
6 0.6893229166666667 0.6911458333333333 0.0109375 0.021354166666666667
2 0.5778645833333333 0.6994791666666667 0.04635416666666667 0.13619791666666667
0 0.5658854166666667 0.7138020833333333 0.009895833333333333 0.018489583333333334
0 0.65390625 0.71796875 0.011979166666666667 0.01953125
2 0.8875 0.7309895833333333 0.103125 0.07135416666666666
2 0.66015625 0.7364583333333333 0.044270833333333336 0.14713541666666666
2 0.7869791666666667 0.7434895833333334 0.10104166666666667 0.0703125
6 0.8666666666666667 0.7458333333333333 0.014583333333333334 0.01953125
6 0.7611979166666667 0.7578125 0.015104166666666667 0.021354166666666667