3 0.384375 0.19296875 0.09895833333333333 0.125
3 0.35182291666666665 0.203125 0.07135416666666666 0.084375
6 0.3609375 0.23203125 0.014583333333333334 0.026822916666666665
3 0.3151041666666667 0.27317708333333335 0.07604166666666666 0.16484375
3 0.44192708333333336 0.284375 0.0734375 0.07604166666666666
3 0.33828125 0.28880208333333335 0.09322916666666667 0.057291666666666664
0 0.54296875 0.2911458333333333 0.0067708333333333336 0.013802083333333333
6 0.30572916666666666 0.29270833333333335 0.019791666666666666 0.027864583333333335
2 0.5161458333333333 0.32395833333333335 0.06041666666666667 0.08880208333333334
2 0.4153645833333333 0.6153645833333333 0.0453125 0.058333333333333334
0 0.4203125 0.6221354166666667 0.010416666666666666 0.016666666666666666