5 0.30755208333333334 0.19401041666666666 0.034895833333333334 0.084375
3 0.21901041666666668 0.3888020833333333 0.0265625 0.09817708333333333
2 0.26979166666666665 0.39166666666666666 0.04583333333333333 0.09270833333333334
2 0.28229166666666666 0.4119791666666667 0.03958333333333333 0.13515625
0 0.22135416666666666 0.42604166666666665 0.013541666666666667 0.023958333333333335
6 0.25364583333333335 0.42630208333333336 0.010416666666666666 0.01953125
0 0.28359375 0.46901041666666665 0.008854166666666666 0.015625
2 0.3533854166666667 0.50703125 0.04635416666666667 0.11380208333333333
3 0.23671875 0.5611979166666666 0.0484375 0.13151041666666666
3 0.25807291666666665 0.5815104166666667 0.0390625 0.1296875
5 0.23203125 0.6768229166666667 0.08229166666666667 0.06380208333333333
0 0.19557291666666668 0.6869791666666667 0.008854166666666666 0.018489583333333334
5 0.42552083333333335 0.7611979166666667 0.05572916666666667 0.08515625
0 0.41015625 0.7671875 0.008854166666666666 0.015625