0 0.4270833333333333 0.9375 0.011458333333333333 0.023177083333333334
2 0.42578125 0.9427083333333334 0.0453125 0.061197916666666664
2 0.10338541666666666 0.3536458333333333 0.1140625 0.06848958333333334
6 0.06848958333333334 0.359375 0.009895833333333333 0.016666666666666666
6 0.18385416666666668 0.421875 0.008333333333333333 0.01953125
2 0.21927083333333333 0.4278645833333333 0.10208333333333333 0.06302083333333333
2 0.98359375 0.4510416666666667 0.03177083333333333 0.04479166666666667
0 0.99453125 0.45703125 0.009895833333333333 0.0203125
6 0.11145833333333334 0.4934895833333333 0.014583333333333334 0.018489583333333334
2 0.1484375 0.49583333333333335 0.11875 0.04895833333333333
2 0.98125 0.57578125 0.034375 0.061197916666666664
0 0.9903645833333333 0.5825520833333333 0.018229166666666668 0.0171875
6 0.13932291666666666 0.5861979166666667 0.011979166666666667 0.0203125
2 0.17447916666666666 0.6 0.11875 0.059375
2 0.44609375 0.7171875 0.03177083333333333 0.14713541666666666
0 0.44375 0.7802083333333333 0.010416666666666666 0.01953125