2 0.24114583333333334 0.94296875 0.03125 0.05286458333333333
0 0.23229166666666667 0.9559895833333333 0.010416666666666666 0.023177083333333334
2 0.7114583333333333 0.39036458333333335 0.10416666666666667 0.07317708333333334
0 0.004166666666666667 0.39348958333333334 0.008333333333333333 0.0203125
6 0.7403645833333333 0.4046875 0.011979166666666667 0.0203125
2 0.4270833333333333 0.40729166666666666 0.09479166666666666 0.12395833333333334
2 0.02109375 0.41067708333333336 0.0421875 0.06015625
6 0.5333333333333333 0.4197916666666667 0.011458333333333333 0.01953125
2 0.5049479166666667 0.421875 0.10364583333333334 0.06770833333333333
6 0.45729166666666665 0.45703125 0.009375 0.017708333333333333
2 0.6893229166666667 0.49583333333333335 0.1203125 0.04895833333333333
2 0.5739583333333333 0.49947916666666664 0.09166666666666666 0.06770833333333333
2 0.014583333333333334 0.503125 0.029166666666666667 0.041666666666666664
6 0.7192708333333333 0.5059895833333333 0.011458333333333333 0.021354166666666667
6 0.6078125 0.515625 0.010416666666666666 0.016666666666666666
2 0.018489583333333334 0.5572916666666666 0.03697916666666667 0.06302083333333333
6 0.6411458333333333 0.575 0.010416666666666666 0.0203125
2 0.6166666666666667 0.58984375 0.10104166666666667 0.06666666666666667
2 0.7247395833333333 0.60546875 0.10260416666666666 0.06302083333333333
6 0.7513020833333334 0.61953125 0.0140625 0.022135416666666668
2 0.4171875 0.73984375 0.042708333333333334 0.09453125
6 0.41692708333333334 0.7690104166666667 0.0109375 0.01953125