2 0.8078125 0.9752604166666666 0.025 0.0484375
0 0.81484375 0.9877604166666667 0.0109375 0.0234375
6 0.5424479166666667 0.13932291666666666 0.011979166666666667 0.01953125
2 0.51328125 0.14114583333333333 0.11510416666666666 0.051041666666666666
2 0.6158854166666666 0.3106770833333333 0.0828125 0.08229166666666667
6 0.6481770833333333 0.3221354166666667 0.013020833333333334 0.0203125
2 0.68671875 0.3268229166666667 0.0828125 0.14270833333333333
6 0.7083333333333334 0.36484375 0.011458333333333333 0.016666666666666666
2 0.5760416666666667 0.3697916666666667 0.09895833333333333 0.08046875
0 0.5981770833333333 0.38645833333333335 0.0109375 0.01953125
2 0.7729166666666667 0.4036458333333333 0.08020833333333334 0.11848958333333333
2 0.6544270833333333 0.4083333333333333 0.08697916666666666 0.07604166666666666
0 0.6723958333333333 0.41302083333333334 0.010416666666666666 0.022135416666666668
0 0.80703125 0.42916666666666664 0.0109375 0.01953125
2 0.6270833333333333 0.46848958333333335 0.09166666666666666 0.08333333333333333
0 0.6552083333333333 0.4796875 0.009375 0.016666666666666666
2 0.5903645833333333 0.48984375 0.0671875 0.08515625
3 0.7143229166666667 0.5013020833333334 0.0984375 0.04895833333333333
0 0.6078125 0.5114583333333333 0.013541666666666667 0.025
6 0.4861979166666667 0.7856770833333333 0.0109375 0.025
2 0.46953125 0.7981770833333334 0.08802083333333334 0.11666666666666667
2 0.728125 0.8731770833333333 0.08958333333333333 0.04635416666666667
0 0.74921875 0.8755208333333333 0.013020833333333334 0.021354166666666667