5 0.40390625 0.23333333333333334 0.1328125 0.10182291666666667
0 0.35390625 0.26119791666666664 0.013020833333333334 0.026041666666666668
0 0.4875 0.6380208333333334 0.014583333333333334 0.0296875
6 0.5661458333333333 0.659375 0.013541666666666667 0.023958333333333335
2 0.58125 0.6611979166666667 0.057291666666666664 0.059375
2 0.4981770833333333 0.6731770833333334 0.0703125 0.1
3 0.30703125 0.7036458333333333 0.0734375 0.08151041666666667
3 0.3765625 0.74453125 0.078125 0.07395833333333333
0 0.19088541666666667 0.7471354166666667 0.0140625 0.022135416666666668
6 0.40520833333333334 0.7518229166666667 0.015625 0.027864583333333335
6 0.43854166666666666 0.7611979166666667 0.014583333333333334 0.031510416666666666
5 0.23489583333333333 0.7744791666666667 0.10833333333333334 0.08046875
0 0.6526041666666667 0.8010416666666667 0.016666666666666666 0.0296875
0 0.340625 0.809375 0.014583333333333334 0.0203125
2 0.4510416666666667 0.8166666666666667 0.08229166666666667 0.19635416666666666
5 0.6807291666666667 0.82265625 0.11354166666666667 0.13619791666666667
2 0.3697916666666667 0.8263020833333333 0.115625 0.09348958333333333