0 0.5919270833333333 0.10598958333333333 0.011979166666666667 0.023177083333333334
5 0.6119791666666666 0.13515625 0.07604166666666666 0.14635416666666667
0 0.4088541666666667 0.26901041666666664 0.0125 0.021354166666666667
0 0.38567708333333334 0.2986979166666667 0.0140625 0.023177083333333334
2 0.43385416666666665 0.3065104166666667 0.075 0.12213541666666666
2 0.41067708333333336 0.334375 0.08697916666666666 0.10364583333333334
6 0.3111979166666667 0.3411458333333333 0.0109375 0.026822916666666665
2 0.3223958333333333 0.34765625 0.08020833333333334 0.08984375
6 0.23177083333333334 0.37265625 0.0125 0.021354166666666667
2 0.26197916666666665 0.4036458333333333 0.11041666666666666 0.08697916666666666
6 0.49322916666666666 0.44765625 0.0125 0.023177083333333334
2 0.5166666666666667 0.465625 0.09895833333333333 0.11119791666666666
0 0.44140625 0.51015625 0.0109375 0.022135416666666668
2 0.46822916666666664 0.5236979166666667 0.08020833333333334 0.09713541666666667
0 0.22994791666666667 0.5268229166666667 0.0140625 0.023958333333333335
5 0.2677083333333333 0.5536458333333333 0.090625 0.08151041666666667
5 0.5661458333333333 0.79453125 0.09791666666666667 0.08151041666666667
0 0.5427083333333333 0.81796875 0.011458333333333333 0.01953125