0 0.64609375 0.940625 0.016145833333333335 0.031510416666666666
6 0.40208333333333335 0.1421875 0.019791666666666666 0.04348958333333333
5 0.6270833333333333 0.14583333333333334 0.16875 0.18802083333333333
2 0.3419270833333333 0.17682291666666666 0.14114583333333333 0.159375
2 0.37994791666666666 0.27447916666666666 0.1671875 0.20104166666666667
2 0.4703125 0.309375 0.07083333333333333 0.109375
0 0.34270833333333334 0.334375 0.021875 0.04635416666666667
6 0.44505208333333335 0.33984375 0.019270833333333334 0.03697916666666667
2 0.5901041666666667 0.42630208333333336 0.06354166666666666 0.184375
3 0.36380208333333336 0.4361979166666667 0.12864583333333332 0.11666666666666667
0 0.47291666666666665 0.44635416666666666 0.026041666666666668 0.03697916666666667
0 0.58515625 0.4934895833333333 0.0234375 0.038802083333333334
2 0.5192708333333333 0.5036458333333333 0.14583333333333334 0.209375
6 0.4119791666666667 0.5203125 0.019791666666666666 0.040625
2 0.43203125 0.5356770833333333 0.10677083333333333 0.134375
2 0.6911458333333333 0.6013020833333333 0.2 0.09895833333333333
6 0.6364583333333333 0.61796875 0.019791666666666666 0.034375
0 0.5809895833333333 0.07916666666666666 0.025520833333333333 0.041666666666666664
2 0.50234375 0.8559895833333333 0.12239583333333333 0.08984375
0 0.48802083333333335 0.8630208333333333 0.021875 0.03697916666666667
5 0.6903645833333333 0.9096354166666667 0.14739583333333334 0.18046875