2 0.8924479166666667 0.9888020833333333 0.027604166666666666 0.022135416666666668
0 0.33255208333333336 0.09895833333333333 0.0171875 0.026041666666666668
2 0.3377604166666667 0.13098958333333333 0.0453125 0.08619791666666667
2 0.5950520833333334 0.44635416666666666 0.03802083333333333 0.048177083333333336
0 0.59140625 0.45234375 0.0109375 0.01953125
6 0.99375 0.5158854166666667 0.011458333333333333 0.024479166666666666
2 0.9747395833333333 0.5171875 0.049479166666666664 0.05520833333333333
0 0.9171875 0.546875 0.030208333333333334 0.03229166666666667
2 0.9145833333333333 0.55546875 0.05 0.09635416666666667
0 0.7854166666666667 0.5721354166666667 0.014583333333333334 0.022135416666666668
2 0.79453125 0.5739583333333333 0.03802083333333333 0.05546875
2 0.8481770833333333 0.5921875 0.030729166666666665 0.058333333333333334
2 0.9856770833333334 0.5981770833333333 0.027604166666666666 0.043229166666666666
0 0.8505208333333333 0.5994791666666667 0.011458333333333333 0.021354166666666667
6 0.98828125 0.6041666666666666 0.013020833333333334 0.017708333333333333
2 0.9703125 0.6690104166666667 0.03333333333333333 0.10104166666666667
2 0.8627604166666667 0.6846354166666667 0.04739583333333333 0.0546875
0 0.978125 0.6888020833333334 0.011458333333333333 0.022135416666666668
0 0.8765625 0.6921875 0.008333333333333333 0.01953125
2 0.8903645833333333 0.8403645833333333 0.0234375 0.03802083333333333
6 0.8942708333333333 0.8463541666666666 0.010416666666666666 0.018489583333333334