2 0.81484375 0.09479166666666666 0.08802083333333334 0.115625
0 0.8169270833333333 0.13645833333333332 0.015104166666666667 0.025
2 0.64140625 0.15364583333333334 0.05364583333333333 0.059375
0 0.65390625 0.16484375 0.015104166666666667 0.023958333333333335
3 0.7057291666666666 0.19765625 0.051041666666666666 0.06380208333333333
2 0.7640625 0.21354166666666666 0.07604166666666666 0.184375
3 0.58984375 0.23645833333333333 0.0328125 0.06015625
6 0.7544270833333333 0.23984375 0.015104166666666667 0.026041666666666668
2 0.6559895833333333 0.34348958333333335 0.03802083333333333 0.10182291666666667
0 0.66015625 0.37395833333333334 0.011979166666666667 0.026041666666666668
0 0.6036458333333333 0.5375 0.011458333333333333 0.025
5 0.94296875 0.5388020833333333 0.11302083333333333 0.09322916666666667
0 0.9151041666666667 0.5458333333333333 0.0125 0.01953125
5 0.63828125 0.5893229166666667 0.08072916666666667 0.134375