3 0.4078125 0.9291666666666667 0.025 0.08802083333333334
6 0.728125 0.9375 0.009375 0.015625
2 0.428125 0.11848958333333333 0.0625 0.05546875
6 0.428125 0.1375 0.010416666666666666 0.017708333333333333
0 0.36015625 0.44869791666666664 0.0140625 0.01953125
2 0.33828125 0.45416666666666666 0.09427083333333333 0.058333333333333334
3 0.5572916666666666 0.46015625 0.0875 0.05182291666666667
3 0.5075520833333333 0.503125 0.0859375 0.065625
3 0.4140625 0.5059895833333333 0.07395833333333333 0.065625
0 0.47369791666666666 0.509375 0.0109375 0.0203125
2 0.25 0.5114583333333333 0.09375 0.047135416666666666
0 0.2734375 0.5114583333333333 0.011458333333333333 0.015625
3 0.5497395833333333 0.5828125 0.08489583333333334 0.04895833333333333
3 0.3528645833333333 0.6065104166666667 0.0890625 0.057291666666666664
6 0.42994791666666665 0.78984375 0.0109375 0.018489583333333334
2 0.4278645833333333 0.82734375 0.03177083333333333 0.10104166666666667
2 0.7236979166666667 0.9111979166666667 0.04635416666666667 0.07604166666666666
0 0.12942708333333333 0.91484375 0.0140625 0.023958333333333335
2 0.13151041666666666 0.91484375 0.0390625 0.0796875