0 0.0671875 0.12265625 0.010416666666666666 0.013802083333333333
2 0.07838541666666667 0.16119791666666666 0.0328125 0.09453125
0 0.10052083333333334 0.19817708333333334 0.010416666666666666 0.016666666666666666
2 0.13723958333333333 0.21614583333333334 0.0859375 0.06380208333333333
2 0.048177083333333336 0.46432291666666664 0.07864583333333333 0.08046875
0 0.1671875 0.49270833333333336 0.010416666666666666 0.016666666666666666
2 0.18932291666666667 0.5078125 0.0828125 0.075
3 0.17083333333333334 0.5375 0.06145833333333333 0.07317708333333334
6 0.20833333333333334 0.5880208333333333 0.008333333333333333 0.01484375
6 0.19010416666666666 0.6010416666666667 0.007291666666666667 0.016666666666666666
2 0.20208333333333334 0.621875 0.036458333333333336 0.07135416666666666
2 0.22682291666666668 0.62734375 0.049479166666666664 0.14166666666666666
0 0.17213541666666668 0.640625 0.009895833333333333 0.0203125
2 0.18645833333333334 0.6541666666666667 0.041666666666666664 0.06770833333333333
0 0.11588541666666667 0.7453125 0.0078125 0.0203125
5 0.14895833333333333 0.7559895833333333 0.07604166666666666 0.0453125
6 0.3625 0.7778645833333333 0.008333333333333333 0.011197916666666667
5 0.38828125 0.7786458333333334 0.07552083333333333 0.05546875