0 0.7018229166666666 0.17864583333333334 0.009895833333333333 0.0203125
2 0.690625 0.21614583333333334 0.04895833333333333 0.165625
0 0.5927083333333333 0.35130208333333335 0.0125 0.021354166666666667
2 0.5893229166666667 0.3619791666666667 0.033854166666666664 0.08333333333333333
6 0.6861979166666666 0.3690104166666667 0.0109375 0.023177083333333334
2 0.7026041666666667 0.3953125 0.09895833333333333 0.09270833333333334
0 0.8111979166666666 0.4114583333333333 0.0109375 0.021354166666666667
2 0.79609375 0.428125 0.04635416666666667 0.07682291666666667
0 0.92109375 0.4453125 0.011979166666666667 0.03333333333333333
2 0.559375 0.4513020833333333 0.027083333333333334 0.06380208333333333
2 0.9130208333333333 0.4518229166666667 0.03854166666666667 0.06484375
6 0.5619791666666667 0.45651041666666664 0.0125 0.027864583333333335
2 0.7588541666666667 0.5239583333333333 0.036458333333333336 0.09270833333333334
6 0.7591145833333334 0.5356770833333333 0.0140625 0.03046875
2 0.5140625 0.5643229166666667 0.07604166666666666 0.13046875
6 0.53984375 0.5661458333333333 0.0109375 0.028645833333333332
3 0.6466145833333333 0.6059895833333333 0.06927083333333334 0.1046875
6 0.62421875 0.6411458333333333 0.0171875 0.028645833333333332
0 0.8411458333333334 0.7065104166666667 0.0125 0.031510416666666666
2 0.8526041666666667 0.7690104166666667 0.03958333333333333 0.16197916666666667
0 0.70078125 0.8130208333333333 0.0171875 0.022135416666666668
0 0.8489583333333334 0.83515625 0.015625 0.027864583333333335
2 0.7015625 0.8369791666666667 0.04375 0.1
2 0.8364583333333333 0.8471354166666667 0.040625 0.07786458333333333
2 0.024739583333333332 0.9184895833333333 0.0484375 0.07395833333333333