5 0.7684895833333333 0.9455729166666667 0.1078125 0.1078125
0 0.7229166666666667 0.971875 0.017708333333333333 0.03229166666666667
2 0.29348958333333336 0.98046875 0.019270833333333334 0.038802083333333334
2 0.2557291666666667 0.290625 0.10416666666666667 0.13333333333333333
0 0.221875 0.309375 0.021875 0.042708333333333334
2 0.22708333333333333 0.45598958333333334 0.14166666666666666 0.17317708333333334
6 0.16692708333333334 0.4856770833333333 0.016145833333333335 0.0453125
2 0.3809895833333333 0.58515625 0.17447916666666666 0.15
0 0.42864583333333334 0.6010416666666667 0.020833333333333332 0.03697916666666667
2 0.2578125 0.6052083333333333 0.109375 0.20833333333333334
0 0.21796875 0.6588541666666666 0.0234375 0.04895833333333333
2 0.2911458333333333 0.74296875 0.10104166666666667 0.12317708333333334
0 0.29635416666666664 0.7684895833333333 0.020833333333333332 0.04635416666666667
3 0.25442708333333336 0.8231770833333333 0.07864583333333333 0.1203125
6 0.4161458333333333 0.8356770833333333 0.021875 0.041666666666666664
2 0.3606770833333333 0.8684895833333334 0.1921875 0.16119791666666666