5 0.04973958333333333 0.9747395833333333 0.0828125 0.049479166666666664
0 0.08072916666666667 0.9763020833333333 0.017708333333333333 0.034375
0 0.39557291666666666 0.1 0.0171875 0.03515625
6 0.26614583333333336 0.203125 0.017708333333333333 0.03229166666666667
2 0.22864583333333333 0.23333333333333334 0.146875 0.10729166666666666
2 0.44375 0.34401041666666665 0.07916666666666666 0.19713541666666667
2 0.2708333333333333 0.37265625 0.12083333333333333 0.09895833333333333
0 0.47421875 0.390625 0.019270833333333334 0.048177083333333336
0 0.3171875 0.40182291666666664 0.020833333333333332 0.027864583333333335
6 0.34713541666666664 0.459375 0.0171875 0.03333333333333333
2 0.45703125 0.46197916666666666 0.10260416666666666 0.11666666666666667
2 0.30885416666666665 0.4630208333333333 0.15833333333333333 0.12604166666666666
6 0.15572916666666667 0.48020833333333335 0.015625 0.034375
0 0.42578125 0.48984375 0.0234375 0.03697916666666667
2 0.15859375 0.49635416666666665 0.07864583333333333 0.12213541666666666
2 0.271875 0.5135416666666667 0.12916666666666668 0.09895833333333333
6 0.30052083333333335 0.5364583333333334 0.019791666666666666 0.03046875
2 0.10598958333333333 0.6552083333333333 0.1390625 0.13046875
0 0.1546875 0.6721354166666667 0.01875 0.027864583333333335
0 0.6049479166666667 0.7638020833333333 0.0140625 0.03515625
5 0.559375 0.7981770833333334 0.10833333333333334 0.14635416666666667
5 0.35052083333333334 0.08932291666666667 0.159375 0.07682291666666667