2 0.3390625 0.35234375 0.090625 0.16953125
3 0.5919270833333333 0.37916666666666665 0.06927083333333334 0.12682291666666667
0 0.36354166666666665 0.3828125 0.011458333333333333 0.025
0 0.5729166666666666 0.4114583333333333 0.010416666666666666 0.021354166666666667
3 0.4625 0.47213541666666664 0.10520833333333333 0.08151041666666667
0 0.48671875 0.4786458333333333 0.0109375 0.023958333333333335
2 0.7044270833333334 0.49895833333333334 0.05364583333333333 0.17604166666666668
6 0.69453125 0.5588541666666667 0.0109375 0.023177083333333334
3 0.55546875 0.5778645833333333 0.0609375 0.06848958333333334
6 0.5755208333333334 0.5940104166666667 0.008333333333333333 0.015625
3 0.6153645833333333 0.5986979166666667 0.0703125 0.08229166666666667
0 0.46901041666666665 0.6010416666666667 0.008854166666666666 0.018489583333333334
3 0.44895833333333335 0.603125 0.071875 0.06015625
6 0.59921875 0.6078125 0.009895833333333333 0.021354166666666667
3 0.5578125 0.625 0.07916666666666666 0.07395833333333333
0 0.5828125 0.640625 0.008333333333333333 0.0203125
2 0.48411458333333335 0.8838541666666667 0.0421875 0.06380208333333333
6 0.4859375 0.89765625 0.009375 0.021354166666666667