2 0.8330729166666667 0.9822916666666667 0.027604166666666666 0.03515625
2 0.36875 0.15520833333333334 0.06666666666666667 0.08802083333333334
6 0.3489583333333333 0.17395833333333333 0.015625 0.022135416666666668
2 0.56640625 0.2875 0.0546875 0.18802083333333333
2 0.5231770833333333 0.30364583333333334 0.0578125 0.18880208333333334
2 0.42682291666666666 0.30364583333333334 0.0796875 0.15
2 0.46015625 0.3380208333333333 0.043229166666666666 0.057291666666666664
0 0.41119791666666666 0.34036458333333336 0.0109375 0.023177083333333334
0 0.5505208333333333 0.3411458333333333 0.0125 0.021354166666666667
6 0.44479166666666664 0.3458333333333333 0.011458333333333333 0.023177083333333334
6 0.5075520833333333 0.36380208333333336 0.009895833333333333 0.0203125
2 0.3614583333333333 0.396875 0.04479166666666667 0.12317708333333334
3 0.5502604166666667 0.41796875 0.0546875 0.11197916666666667
3 0.4348958333333333 0.41848958333333336 0.08958333333333333 0.109375
6 0.528125 0.4510416666666667 0.011458333333333333 0.022135416666666668
6 0.4671875 0.6927083333333334 0.014583333333333334 0.0203125
3 0.4765625 0.7364583333333333 0.04479166666666667 0.12135416666666667