2 0.96875 0.95703125 0.06145833333333333 0.08489583333333334
0 0.8981770833333333 0.12135416666666667 0.0109375 0.0203125
2 0.87578125 0.12682291666666667 0.0578125 0.08151041666666667
2 0.54609375 0.32317708333333334 0.08489583333333334 0.05
6 0.51015625 0.32734375 0.013020833333333334 0.01953125
2 0.7072916666666667 0.39895833333333336 0.109375 0.08697916666666666
2 0.5658854166666667 0.4 0.0796875 0.12786458333333334
6 0.5572916666666666 0.40703125 0.010416666666666666 0.021354166666666667
6 0.6791666666666667 0.41380208333333335 0.011458333333333333 0.018489583333333334
2 0.7450520833333333 0.43645833333333334 0.10572916666666667 0.07682291666666667
6 0.71796875 0.45729166666666665 0.0140625 0.023958333333333335
2 0.8731770833333333 0.4739583333333333 0.06614583333333333 0.08151041666666667
6 0.8942708333333333 0.4786458333333333 0.014583333333333334 0.0203125
2 0.7026041666666667 0.5760416666666667 0.121875 0.07786458333333333
6 0.6713541666666667 0.5893229166666667 0.009375 0.01953125
2 0.88203125 0.6963541666666667 0.0703125 0.061197916666666664
6 0.90078125 0.7096354166666666 0.011979166666666667 0.028645833333333332
0 0.8317708333333333 0.809375 0.010416666666666666 0.0203125
2 0.8453125 0.8411458333333334 0.053125 0.12864583333333332
0 0.840625 0.8588541666666667 0.010416666666666666 0.01953125
2 0.8223958333333333 0.8760416666666667 0.051041666666666666 0.0796875