0 0.36822916666666666 0.009375 0.008333333333333333 0.016666666666666666
2 0.3697916666666667 0.017708333333333333 0.014583333333333334 0.03333333333333333
5 0.5013020833333334 0.22552083333333334 0.028645833333333332 0.07135416666666666
0 0.5013020833333334 0.23333333333333334 0.009895833333333333 0.018489583333333334
0 0.34270833333333334 0.025520833333333333 0.008333333333333333 0.015625
2 0.13333333333333333 0.30182291666666666 0.078125 0.08515625
0 0.14713541666666666 0.32265625 0.011979166666666667 0.01953125
2 0.34479166666666666 0.034375 0.019791666666666666 0.038802083333333334
3 0.1 0.39817708333333335 0.030208333333333334 0.06302083333333333
0 0.1078125 0.41380208333333335 0.009375 0.018489583333333334
2 0.8255208333333334 0.4361979166666667 0.07708333333333334 0.057291666666666664
6 0.8046875 0.44166666666666665 0.009375 0.018489583333333334
6 0.9466145833333334 0.47682291666666665 0.009895833333333333 0.016666666666666666
0 0.18333333333333332 0.47734375 0.010416666666666666 0.01953125
2 0.9557291666666666 0.48098958333333336 0.0625 0.05286458333333333
2 0.16197916666666667 0.48098958333333336 0.10104166666666667 0.07135416666666666
2 0.8799479166666667 0.48333333333333334 0.0734375 0.05182291666666667
6 0.8609375 0.49270833333333336 0.009375 0.016666666666666666
6 0.7625 0.5072916666666667 0.008333333333333333 0.01484375
2 0.7875 0.5153645833333333 0.090625 0.0546875
2 0.5950520833333334 0.05416666666666667 0.0328125 0.08046875
2 0.15625 0.5411458333333333 0.096875 0.041666666666666664
6 0.6309895833333333 0.06067708333333333 0.009895833333333333 0.017708333333333333
6 0.60078125 0.06145833333333333 0.0078125 0.013802083333333333
0 0.15026041666666667 0.06432291666666666 0.0109375 0.021354166666666667
2 0.6299479166666667 0.06848958333333334 0.0234375 0.07213541666666666
2 0.15364583333333334 0.0703125 0.023958333333333335 0.038802083333333334
5 0.49661458333333336 0.821875 0.03125 0.04895833333333333
6 0.4973958333333333 0.825 0.008333333333333333 0.016666666666666666
5 0.3736979166666667 0.8385416666666666 0.04010416666666667 0.08984375
0 0.36354166666666665 0.853125 0.009375 0.017708333333333333