2 0.30182291666666666 0.09270833333333334 0.0890625 0.1703125
0 0.13333333333333333 0.09869791666666666 0.021875 0.03229166666666667
2 0.14244791666666667 0.13802083333333334 0.06614583333333333 0.11666666666666667
3 0.24609375 0.18984375 0.04010416666666667 0.11484375
0 0.23255208333333333 0.22395833333333334 0.018229166666666668 0.03697916666666667
2 0.2630208333333333 0.30546875 0.09375 0.22604166666666667
6 0.38619791666666664 0.32265625 0.0203125 0.03984375
2 0.37552083333333336 0.38645833333333335 0.09895833333333333 0.19348958333333333
0 0.12864583333333332 0.4791666666666667 0.019791666666666666 0.034375
2 0.13958333333333334 0.540625 0.053125 0.16302083333333334
6 0.27734375 0.5453125 0.022395833333333334 0.040625
2 0.26484375 0.6018229166666667 0.10364583333333334 0.23333333333333334
0 0.8018229166666667 0.6513020833333333 0.0171875 0.03619791666666667
5 0.7966145833333333 0.7411458333333333 0.07760416666666667 0.26015625
3 0.3028645833333333 0.8013020833333333 0.0953125 0.24713541666666666
6 0.2796875 0.08229166666666667 0.017708333333333333 0.040625
2 0.18098958333333334 0.08515625 0.0703125 0.1703125
0 0.25729166666666664 0.8921875 0.015625 0.03619791666666667
5 0.24661458333333333 0.9200520833333333 0.07239583333333334 0.15885416666666666