2 0.6440104166666667 0.425 0.07760416666666667 0.17786458333333333
2 0.4591145833333333 0.46015625 0.11510416666666666 0.1296875
0 0.4986979166666667 0.5065104166666666 0.015104166666666667 0.031510416666666666
0 0.628125 0.5934895833333333 0.016666666666666666 0.03333333333333333
5 0.46588541666666666 0.5934895833333333 0.13489583333333333 0.1
2 0.6161458333333333 0.6221354166666667 0.04791666666666667 0.10182291666666667
3 0.653125 0.63046875 0.06458333333333334 0.11666666666666667
0 0.4083333333333333 0.63515625 0.016666666666666666 0.031510416666666666
5 0.7755208333333333 0.6697916666666667 0.06770833333333333 0.15286458333333333
0 0.771875 0.6903645833333333 0.016666666666666666 0.034375
3 0.5916666666666667 0.7046875 0.071875 0.12395833333333334
2 0.66484375 0.7315104166666667 0.09114583333333333 0.1