2 0.5122395833333333 0.96796875 0.0171875 0.06380208333333333
2 0.9315104166666667 0.40182291666666664 0.1171875 0.05364583333333333
6 0.10625 0.40598958333333335 0.011458333333333333 0.021354166666666667
2 0.07083333333333333 0.40651041666666665 0.121875 0.05364583333333333
0 0.9059895833333333 0.41119791666666666 0.009895833333333333 0.018489583333333334
0 0.9622395833333334 0.446875 0.0140625 0.017708333333333333
2 0.9640625 0.4479166666666667 0.07083333333333333 0.03854166666666667
2 0.8768229166666667 0.47317708333333336 0.10989583333333333 0.04453125
6 0.8489583333333334 0.4778645833333333 0.011458333333333333 0.016666666666666666
6 0.14765625 0.48020833333333335 0.013020833333333334 0.028645833333333332
2 0.11979166666666667 0.4861979166666667 0.10625 0.06848958333333334
2 0.0296875 0.51015625 0.059375 0.0296875
6 0.021614583333333333 0.5119791666666667 0.0140625 0.022135416666666668
2 0.08515625 0.54296875 0.12239583333333333 0.05651041666666667
6 0.11276041666666667 0.5481770833333334 0.0109375 0.0203125
6 0.8778645833333333 0.5510416666666667 0.0109375 0.01484375
2 0.9026041666666667 0.553125 0.12291666666666666 0.058333333333333334
0 0.9966145833333333 0.6768229166666667 0.005729166666666666 0.022395833333333334
2 0.9739583333333334 0.7333333333333333 0.051041666666666666 0.165625
2 0.5606770833333333 0.78984375 0.044270833333333336 0.10729166666666666
2 0.5 0.7963541666666667 0.034375 0.0703125
6 0.49661458333333336 0.8046875 0.008854166666666666 0.0203125
0 0.5544270833333333 0.81484375 0.0078125 0.018489583333333334
2 0.8875 0.8375 0.05520833333333333 0.06015625
0 0.9044270833333333 0.84296875 0.015104166666666667 0.01953125
2 0.4395833333333333 0.8994791666666667 0.08541666666666667 0.10104166666666667