6 0.12265625 0.011979166666666667 0.0234375 0.023958333333333335
0 0.39401041666666664 0.023697916666666666 0.018229166666666668 0.03046875
3 0.3078125 0.3177083333333333 0.046875 0.11666666666666667
3 0.18385416666666668 0.321875 0.11770833333333333 0.06380208333333333
0 0.11015625 0.3606770833333333 0.019270833333333334 0.028645833333333332
6 0.15989583333333332 0.3684895833333333 0.016666666666666666 0.027864583333333335
0 0.303125 0.3846354166666667 0.017708333333333333 0.034375
2 0.13307291666666668 0.3963541666666667 0.0828125 0.13333333333333333
2 0.16848958333333333 0.40182291666666664 0.07760416666666667 0.18697916666666667
2 0.3307291666666667 0.4239583333333333 0.09895833333333333 0.18515625
2 0.14453125 0.04583333333333333 0.06822916666666666 0.09166666666666666
0 0.69609375 0.47369791666666666 0.018229166666666668 0.03046875
5 0.42421875 0.050520833333333334 0.1015625 0.10104166666666667
5 0.7015625 0.5119791666666667 0.10625 0.13515625
2 0.33932291666666664 0.5559895833333334 0.043229166666666666 0.10286458333333333
6 0.3302083333333333 0.5653645833333333 0.019791666666666666 0.03229166666666667
0 0.13307291666666668 0.63203125 0.021354166666666667 0.034375
2 0.1765625 0.7072916666666667 0.10625 0.27786458333333336
0 0.28515625 0.8088541666666667 0.016145833333333335 0.03046875
5 0.3255208333333333 0.8346354166666666 0.09895833333333333 0.09166666666666666