0 0.19453125 0.13046875 0.0234375 0.03697916666666667
2 0.25338541666666664 0.13880208333333333 0.21822916666666667 0.08697916666666666
6 0.40546875 0.16119791666666666 0.0171875 0.040625
2 0.46328125 0.16380208333333332 0.19947916666666668 0.090625
0 0.28177083333333336 0.28203125 0.020833333333333332 0.034375
2 0.34348958333333335 0.30052083333333335 0.22864583333333333 0.12317708333333334
6 0.21354166666666666 0.40182291666666664 0.020833333333333332 0.042708333333333334
2 0.27890625 0.42552083333333335 0.2046875 0.13046875
5 0.053385416666666664 0.46197916666666666 0.10677083333333333 0.14453125
5 0.7861979166666667 0.5346354166666667 0.18177083333333333 0.14166666666666666
0 0.7127604166666667 0.5513020833333333 0.025520833333333333 0.041666666666666664
1 0.6369791666666667 0.9231770833333334 0.06458333333333334 0.140625