0 0.6270833333333333 0.28098958333333335 0.016666666666666666 0.03802083333333333
5 0.6734375 0.321875 0.18125 0.13229166666666667
2 0.59921875 0.04088541666666667 0.0515625 0.08177083333333333
2 0.5440104166666667 0.041666666666666664 0.03697916666666667 0.08333333333333333
2 0.5083333333333333 0.4828125 0.15 0.16380208333333332
0 0.5518229166666667 0.5036458333333333 0.019270833333333334 0.031510416666666666
0 0.44244791666666666 0.565625 0.016145833333333335 0.027864583333333335
2 0.20885416666666667 0.058854166666666666 0.07916666666666666 0.11380208333333333
6 0.54453125 0.5875 0.016145833333333335 0.03046875
3 0.40572916666666664 0.621875 0.08541666666666667 0.1453125
3 0.3106770833333333 0.6328125 0.05364583333333333 0.16197916666666667
2 0.5815104166666667 0.640625 0.14114583333333333 0.190625
6 0.21744791666666666 0.0671875 0.0203125 0.03619791666666667
0 0.30182291666666666 0.6947916666666667 0.018229166666666668 0.03229166666666667
3 0.4375 0.7153645833333333 0.05 0.15104166666666666
0 0.8278645833333333 0.7815104166666667 0.0203125 0.03515625
2 0.36770833333333336 0.81953125 0.18229166666666666 0.09635416666666667
6 0.32135416666666666 0.8236979166666667 0.020833333333333332 0.03046875
5 0.87734375 0.88046875 0.14427083333333332 0.23880208333333333
6 0.6192708333333333 0.91953125 0.015625 0.027864583333333335
2 0.6661458333333333 0.9252604166666667 0.16770833333333332 0.1484375