2 0.7885416666666667 0.9322916666666666 0.023958333333333335 0.04635416666666667
6 0.79453125 0.9458333333333333 0.009895833333333333 0.01953125
6 0.4401041666666667 0.13463541666666667 0.010416666666666666 0.017708333333333333
2 0.4421875 0.14453125 0.022916666666666665 0.05364583333333333
2 0.009375 0.38645833333333335 0.01875 0.03802083333333333
3 0.012239583333333333 0.4630208333333333 0.024479166666666666 0.03515625
6 0.9364583333333333 0.47734375 0.011458333333333333 0.015625
2 0.9572916666666667 0.4822916666666667 0.084375 0.04479166666666667
2 0.9208333333333333 0.5052083333333334 0.052083333333333336 0.11015625
6 0.90625 0.5078125 0.013541666666666667 0.017708333333333333
2 0.9559895833333333 0.5138020833333333 0.028645833333333332 0.042708333333333334
6 0.96328125 0.51484375 0.0109375 0.016666666666666666
2 0.01796875 0.53046875 0.0359375 0.048177083333333336
2 0.9234375 0.5661458333333333 0.040625 0.051041666666666666
6 0.9356770833333333 0.5661458333333333 0.011979166666666667 0.021354166666666667
2 0.4171875 0.7885416666666667 0.028125 0.06380208333333333
6 0.41692708333333334 0.79765625 0.011979166666666667 0.021354166666666667
2 0.40963541666666664 0.8815104166666666 0.028645833333333332 0.057291666666666664
0 0.403125 0.8822916666666667 0.008333333333333333 0.018489583333333334
3 0.13125 0.88984375 0.036458333333333336 0.048177083333333336