6 0.28229166666666666 0.18932291666666667 0.015625 0.041666666666666664
2 0.23854166666666668 0.23151041666666666 0.1625 0.14817708333333332
2 0.31875 0.31302083333333336 0.12395833333333334 0.19453125
6 0.28619791666666666 0.34869791666666666 0.019270833333333334 0.03619791666666667
3 0.16197916666666667 0.409375 0.065625 0.14453125
2 0.3880208333333333 0.43463541666666666 0.13229166666666667 0.1046875
6 0.0515625 0.46848958333333335 0.015625 0.038802083333333334
0 0.42682291666666666 0.47265625 0.021354166666666667 0.034375
2 0.04114583333333333 0.47682291666666665 0.08229166666666667 0.11302083333333333
5 0.25729166666666664 0.04921875 0.16666666666666666 0.0984375
2 0.36302083333333335 0.5296875 0.10104166666666667 0.09817708333333333
3 0.18020833333333333 0.5864583333333333 0.1125 0.08984375
6 0.22083333333333333 0.5880208333333333 0.017708333333333333 0.027864583333333335
6 0.18020833333333333 0.659375 0.016666666666666666 0.03333333333333333
2 0.14036458333333332 0.6739583333333333 0.12864583333333332 0.13697916666666668
0 0.4822916666666667 0.7333333333333333 0.016666666666666666 0.031510416666666666
0 0.3104166666666667 0.07447916666666667 0.019791666666666666 0.03046875
5 0.5015625 0.78515625 0.07604166666666666 0.15364583333333334