0 0.6354166666666666 0.22604166666666667 0.009375 0.013020833333333334
5 0.6643229166666667 0.25052083333333336 0.09739583333333333 0.08229166666666667
2 0.5895833333333333 0.029166666666666667 0.029166666666666667 0.058333333333333334
3 0.3255208333333333 0.32083333333333336 0.08541666666666667 0.06380208333333333
6 0.29453125 0.32447916666666665 0.008854166666666666 0.017708333333333333
6 0.4895833333333333 0.328125 0.009375 0.015625
0 0.54375 0.33046875 0.007291666666666667 0.01484375
2 0.4984375 0.3380208333333333 0.035416666666666666 0.0703125
5 0.95234375 0.034375 0.09427083333333333 0.06875
2 0.5619791666666667 0.34453125 0.075 0.061197916666666664
6 0.4630208333333333 0.34869791666666666 0.007291666666666667 0.013802083333333333
3 0.16197916666666667 0.3489583333333333 0.08229166666666667 0.05182291666666667
0 0.3958333333333333 0.35651041666666666 0.007291666666666667 0.013020833333333334
2 0.4674479166666667 0.35833333333333334 0.025520833333333333 0.048177083333333336
0 0.19322916666666667 0.3653645833333333 0.007291666666666667 0.015625
2 0.42682291666666666 0.37265625 0.08072916666666667 0.06953125
3 0.22447916666666667 0.3736979166666667 0.06979166666666667 0.0546875
0 0.28854166666666664 0.4197916666666667 0.008333333333333333 0.017708333333333333
2 0.3098958333333333 0.4427083333333333 0.071875 0.06666666666666667
5 0.20390625 0.5833333333333334 0.0734375 0.09270833333333334
0 0.17447916666666666 0.6106770833333334 0.008333333333333333 0.017708333333333333
2 0.38671875 0.06953125 0.07239583333333334 0.042708333333333334
0 0.359375 0.075 0.008333333333333333 0.01484375
6 0.49661458333333336 0.7565104166666666 0.0078125 0.013020833333333334
5 0.52890625 0.7596354166666667 0.07239583333333334 0.04348958333333333