2 0.9484375 0.20416666666666666 0.04583333333333333 0.05651041666666667
6 0.953125 0.21901041666666668 0.011458333333333333 0.017708333333333333
0 0.8903645833333333 0.2421875 0.0109375 0.017708333333333333
2 0.8794270833333333 0.2453125 0.03697916666666667 0.06848958333333334
3 0.9580729166666667 0.3111979166666667 0.0453125 0.15729166666666666
0 0.928125 0.31145833333333334 0.010416666666666666 0.017708333333333333
2 0.9177083333333333 0.32447916666666665 0.03333333333333333 0.06015625
6 0.7109375 0.034375 0.011458333333333333 0.0203125
2 0.8270833333333333 0.3578125 0.078125 0.09166666666666666
6 0.85625 0.3611979166666667 0.010416666666666666 0.018489583333333334
2 0.6885416666666667 0.03984375 0.059375 0.0796875
6 0.93515625 0.4036458333333333 0.008854166666666666 0.022135416666666668
2 0.9205729166666666 0.41770833333333335 0.0390625 0.0703125
0 0.9567708333333333 0.46067708333333335 0.011458333333333333 0.021354166666666667
2 0.9505208333333334 0.4661458333333333 0.05625 0.084375
0 0.9151041666666667 0.58515625 0.014583333333333334 0.022135416666666668
2 0.88046875 0.6315104166666666 0.08072916666666667 0.11302083333333333
2 0.8747395833333333 0.8875 0.0953125 0.07864583333333333
0 0.9151041666666667 0.9052083333333333 0.014583333333333334 0.026822916666666665