2 0.678125 0.9361979166666666 0.07395833333333333 0.05182291666666667
2 0.94609375 0.9385416666666667 0.0953125 0.08802083333333334
6 0.9208333333333333 0.9552083333333333 0.013541666666666667 0.028645833333333332
0 0.18020833333333333 0.9583333333333334 0.013541666666666667 0.0203125
2 0.18229166666666666 0.9658854166666667 0.042708333333333334 0.0671875
6 0.7236979166666667 0.11119791666666666 0.0109375 0.022135416666666668
2 0.7291666666666666 0.11666666666666667 0.03854166666666667 0.08697916666666666
0 0.11171875 0.0171875 0.015104166666666667 0.03229166666666667
2 0.5234375 0.4231770833333333 0.04583333333333333 0.08697916666666666
3 0.3450520833333333 0.4630208333333333 0.0609375 0.10546875
6 0.43307291666666664 0.4981770833333333 0.013020833333333334 0.027864583333333335
2 0.5171875 0.5065104166666666 0.05416666666666667 0.0703125
3 0.4153645833333333 0.5239583333333333 0.034895833333333334 0.09817708333333333
2 0.4557291666666667 0.5393229166666667 0.06770833333333333 0.12317708333333334
1 0.12786458333333334 0.058333333333333334 0.05260416666666667 0.109375
2 0.45546875 0.5921875 0.0671875 0.0546875
6 0.4322916666666667 0.6010416666666667 0.011458333333333333 0.0296875
0 0.46484375 0.6177083333333333 0.016145833333333335 0.022135416666666668
2 0.48385416666666664 0.6221354166666667 0.08229166666666667 0.04635416666666667
2 0.5747395833333333 0.71796875 0.07760416666666667 0.08619791666666667
6 0.5682291666666667 0.7255208333333333 0.0125 0.034375