0 0.00859375 0.31145833333333334 0.013020833333333334 0.021354166666666667
2 0.019270833333333334 0.3268229166666667 0.036458333333333336 0.06302083333333333
0 0.07942708333333333 0.32786458333333335 0.013020833333333334 0.022135416666666668
2 0.08802083333333334 0.34036458333333336 0.03229166666666667 0.06770833333333333
6 0.14166666666666666 0.39453125 0.0125 0.016666666666666666
2 0.15208333333333332 0.39765625 0.035416666666666666 0.07317708333333334
0 0.20104166666666667 0.4119791666666667 0.0125 0.022135416666666668
2 0.19765625 0.4125 0.043229166666666666 0.05651041666666667
6 0.040625 0.44114583333333335 0.0125 0.021354166666666667
2 0.06171875 0.45703125 0.0796875 0.08046875
0 0.052083333333333336 0.4934895833333333 0.011458333333333333 0.018489583333333334
2 0.054427083333333334 0.49635416666666665 0.0265625 0.04453125
2 0.01953125 0.503125 0.0390625 0.051041666666666666
2 0.290625 0.51796875 0.10208333333333333 0.07317708333333334
2 0.14244791666666667 0.5302083333333333 0.0453125 0.05651041666666667
0 0.13177083333333334 0.5369791666666667 0.0125 0.022135416666666668
0 0.3171875 0.5369791666666667 0.013541666666666667 0.022135416666666668
2 0.07135416666666666 0.6078125 0.046875 0.04348958333333333
6 0.05520833333333333 0.61484375 0.013541666666666667 0.023958333333333335
2 0.08229166666666667 0.7114583333333333 0.059375 0.06197916666666667
0 0.06041666666666667 0.7153645833333333 0.011458333333333333 0.026822916666666665
0 0.27708333333333335 0.07734375 0.011458333333333333 0.023177083333333334
2 0.296875 0.08203125 0.08229166666666667 0.06015625