6 0.76875 0.9322916666666666 0.008333333333333333 0.018489583333333334
6 0.4393229166666667 0.13098958333333333 0.013020833333333334 0.023177083333333334
2 0.43984375 0.14947916666666666 0.027604166666666666 0.065625
2 0.011979166666666667 0.40520833333333334 0.023958333333333335 0.034375
2 0.013802083333333333 0.4671875 0.027604166666666666 0.07135416666666666
6 0.9091145833333333 0.4828125 0.009895833333333333 0.011979166666666667
2 0.9309895833333334 0.48880208333333336 0.0859375 0.05546875
2 0.8994791666666667 0.515625 0.06770833333333333 0.07395833333333333
6 0.88203125 0.51796875 0.013020833333333334 0.015625
6 0.9346354166666667 0.5197916666666667 0.0109375 0.023177083333333334
0 0.0049479166666666664 0.5260416666666666 0.009895833333333333 0.016666666666666666
2 0.01796875 0.5286458333333334 0.034895833333333334 0.059375
2 0.8981770833333333 0.5731770833333333 0.03802083333333333 0.061197916666666664
6 0.91015625 0.575 0.0109375 0.018489583333333334
2 0.4309895833333333 0.76953125 0.0296875 0.07213541666666666
6 0.42473958333333334 0.7947916666666667 0.009895833333333333 0.01953125
0 0.12447916666666667 0.85546875 0.016666666666666666 0.0203125
2 0.13723958333333333 0.8653645833333333 0.0453125 0.05286458333333333
0 0.4015625 0.8703125 0.010416666666666666 0.018489583333333334
2 0.4015625 0.87734375 0.020833333333333332 0.05286458333333333
2 0.76015625 0.9013020833333333 0.028645833333333332 0.09166666666666666