3 0.3572916666666667 0.11145833333333334 0.12291666666666666 0.09166666666666666
0 0.590625 0.12734375 0.011458333333333333 0.028645833333333332
2 0.9848958333333333 0.16614583333333333 0.029166666666666667 0.09375
6 0.67890625 0.17083333333333334 0.0171875 0.025
6 0.9895833333333334 0.17447916666666666 0.016666666666666666 0.025
2 0.5609375 0.17630208333333333 0.103125 0.13046875
0 0.45026041666666666 0.2 0.011979166666666667 0.0203125
2 0.7075520833333333 0.203125 0.08697916666666666 0.16953125
2 0.41770833333333335 0.21380208333333334 0.128125 0.06484375
2 0.9002604166666667 0.3458333333333333 0.1109375 0.06953125
2 0.33541666666666664 0.35052083333333334 0.1125 0.06015625
0 0.38619791666666664 0.36666666666666664 0.011979166666666667 0.026041666666666668
2 0.33932291666666664 0.39348958333333334 0.0005208333333333333 0.0036458333333333334
0 0.50703125 0.6083333333333333 0.015104166666666667 0.027864583333333335
5 0.48385416666666664 0.6486979166666667 0.109375 0.1546875
5 0.6046875 0.8411458333333334 0.052083333333333336 0.15833333333333333
0 0.38697916666666665 0.08567708333333333 0.0125 0.021354166666666667
0 0.6140625 0.9013020833333333 0.017708333333333333 0.028645833333333332