2 0.51171875 0.16380208333333332 0.10052083333333334 0.08515625
6 0.4875 0.18619791666666666 0.011458333333333333 0.022135416666666668
3 0.55390625 0.625 0.0703125 0.07786458333333333
3 0.4940104166666667 0.6388020833333333 0.0390625 0.0796875
3 0.4453125 0.6565104166666667 0.05 0.08515625
6 0.3731770833333333 0.6666666666666666 0.011979166666666667 0.018489583333333334
0 0.6841145833333333 0.6846354166666667 0.015104166666666667 0.01953125
2 0.7088541666666667 0.6885416666666667 0.1 0.07682291666666667
2 0.3815104166666667 0.7046875 0.09114583333333333 0.1
3 0.5044270833333333 0.7221354166666667 0.0390625 0.07213541666666666
0 0.6322916666666667 0.7302083333333333 0.011458333333333333 0.01953125
2 0.6559895833333333 0.74296875 0.0796875 0.08802083333333334
6 0.4236979166666667 0.7911458333333333 0.0109375 0.01953125
3 0.5544270833333333 0.8143229166666667 0.07864583333333333 0.1046875
2 0.4434895833333333 0.8153645833333333 0.09010416666666667 0.13984375
0 0.49140625 0.8510416666666667 0.0109375 0.023958333333333335
2 0.5609375 0.8578125 0.06979166666666667 0.0546875
2 0.5075520833333333 0.86484375 0.0453125 0.08880208333333334
0 0.5549479166666667 0.865625 0.008854166666666666 0.018489583333333334
0 0.6361979166666667 0.91953125 0.0109375 0.016666666666666666
2 0.6565104166666667 0.91953125 0.06927083333333334 0.0703125