0 0.72421875 0.18385416666666668 0.0203125 0.034375
5 0.7234375 0.19348958333333333 0.09166666666666666 0.12604166666666666
2 0.6255208333333333 0.26484375 0.11041666666666666 0.11666666666666667
6 0.6627604166666666 0.2869791666666667 0.018229166666666668 0.0296875
3 0.7317708333333334 0.4010416666666667 0.103125 0.0796875
6 0.8682291666666667 0.45286458333333335 0.020833333333333332 0.023958333333333335
2 0.7020833333333333 0.47552083333333334 0.10416666666666667 0.08619791666666667
0 0.7393229166666667 0.4828125 0.016145833333333335 0.03046875
0 0.5830729166666667 0.496875 0.022395833333333334 0.03619791666666667
2 0.8307291666666666 0.5153645833333333 0.09166666666666666 0.15651041666666668
2 0.57265625 0.5505208333333333 0.08489583333333334 0.1953125
6 0.6408854166666667 0.55703125 0.0171875 0.03229166666666667
6 0.6513020833333333 0.58984375 0.0171875 0.0296875
2 0.6768229166666667 0.60703125 0.0890625 0.14166666666666666
2 0.6526041666666667 0.628125 0.057291666666666664 0.12317708333333334
0 0.5721354166666667 0.7161458333333334 0.011979166666666667 0.025
2 0.6153645833333333 0.7768229166666667 0.1015625 0.14635416666666667
5 0.96328125 0.8809895833333333 0.0578125 0.215625