6 0.49244791666666665 0.4518229166666667 0.011979166666666667 0.018489583333333334
2 0.49114583333333334 0.45546875 0.035416666666666666 0.09270833333333334
0 0.8911458333333333 0.51796875 0.011458333333333333 0.01953125
2 0.8583333333333333 0.5203125 0.11770833333333333 0.057291666666666664
2 0.70625 0.5513020833333333 0.08958333333333333 0.06197916666666667
0 0.7447916666666666 0.5513020833333333 0.011458333333333333 0.01953125
2 0.9104166666666667 0.5893229166666667 0.11979166666666667 0.05286458333333333
0 0.9450520833333333 0.58984375 0.013020833333333334 0.023958333333333335
0 0.9924479166666667 0.78984375 0.0140625 0.024479166666666666
2 0.9734375 0.834375 0.052083333333333336 0.15208333333333332
2 0.4627604166666667 0.8536458333333333 0.058854166666666666 0.07604166666666666
0 0.67578125 0.87265625 0.009895833333333333 0.01953125
2 0.6458333333333334 0.8739583333333333 0.09791666666666667 0.11666666666666667
6 0.47734375 0.88046875 0.011979166666666667 0.018489583333333334