2 0.16614583333333333 0.2989583333333333 0.07604166666666666 0.09635416666666667
0 0.36666666666666664 0.03203125 0.017708333333333333 0.03229166666666667
6 0.13828125 0.32447916666666665 0.0171875 0.03229166666666667
3 0.24322916666666666 0.44166666666666665 0.11145833333333334 0.15546875
2 0.08020833333333334 0.4421875 0.10625 0.19348958333333333
2 0.4127604166666667 0.4791666666666667 0.04010416666666667 0.06380208333333333
2 0.41901041666666666 0.4869791666666667 0.11197916666666667 0.1796875
3 0.20390625 0.49296875 0.07864583333333333 0.15104166666666666
0 0.40989583333333335 0.49635416666666665 0.014583333333333334 0.026041666666666668
5 0.6486979166666667 0.5072916666666667 0.06614583333333333 0.11666666666666667
5 0.3684895833333333 0.05182291666666667 0.0703125 0.10364583333333334
0 0.6247395833333333 0.52265625 0.016145833333333335 0.028645833333333332
6 0.39505208333333336 0.5411458333333333 0.0171875 0.03046875
3 0.24583333333333332 0.5703125 0.16354166666666667 0.07395833333333333
0 0.3059895833333333 0.6596354166666667 0.016145833333333335 0.028645833333333332
2 0.31796875 0.6755208333333333 0.0515625 0.09166666666666666
5 0.3619791666666667 0.8809895833333333 0.115625 0.1046875
0 0.3377604166666667 0.90546875 0.019270833333333334 0.03697916666666667