2 0.63984375 0.4856770833333333 0.0578125 0.11770833333333333
0 0.6455729166666667 0.5171875 0.016145833333333335 0.03046875
3 0.5122395833333333 0.5513020833333333 0.1234375 0.11015625
0 0.61640625 0.5822916666666667 0.016145833333333335 0.027864583333333335
5 0.4234375 0.6203125 0.12708333333333333 0.14453125
2 0.6213541666666667 0.6221354166666667 0.042708333333333334 0.209375
3 0.6747395833333333 0.6481770833333333 0.08802083333333334 0.14453125
0 0.37552083333333336 0.6760416666666667 0.013541666666666667 0.03333333333333333
5 0.78671875 0.7213541666666666 0.0734375 0.14817708333333332
0 0.7916666666666666 0.7361979166666667 0.015625 0.0296875
0 0.7153645833333333 0.73984375 0.0109375 0.026041666666666668
2 0.6067708333333334 0.7528645833333333 0.06354166666666666 0.14270833333333333
2 0.6703125 0.7661458333333333 0.10520833333333333 0.1046875
0 0.5940104166666667 0.79765625 0.0140625 0.03046875