6 0.6098958333333333 0.18984375 0.014583333333333334 0.026041666666666668
6 0.6895833333333333 0.23020833333333332 0.010416666666666666 0.021354166666666667
0 0.49609375 0.246875 0.019270833333333334 0.023177083333333334
3 0.6213541666666667 0.24895833333333334 0.09791666666666667 0.17395833333333333
2 0.70078125 0.28984375 0.07760416666666667 0.22213541666666667
3 0.5078125 0.30234375 0.053125 0.17135416666666667
3 0.5494791666666666 0.3255208333333333 0.04479166666666667 0.18802083333333333
6 0.5440104166666667 0.3690104166666667 0.008854166666666666 0.026822916666666665
0 0.6520833333333333 0.37395833333333334 0.0125 0.022135416666666668
3 0.5424479166666667 0.38046875 0.03177083333333333 0.07213541666666666
0 0.6221354166666667 0.39036458333333335 0.011979166666666667 0.025
2 0.65078125 0.415625 0.028645833333333332 0.18515625
2 0.6411458333333333 0.4356770833333333 0.051041666666666666 0.18619791666666666
0 0.5143229166666666 0.47265625 0.011979166666666667 0.026822916666666665
0 0.79375 0.4739583333333333 0.014583333333333334 0.023958333333333335
0 0.4036458333333333 0.496875 0.011458333333333333 0.023177083333333334
2 0.5364583333333334 0.5364583333333334 0.0875 0.1953125
5 0.7958333333333333 0.5416666666666666 0.04375 0.209375
5 0.39348958333333334 0.5739583333333333 0.0390625 0.18333333333333332