5 0.7111979166666667 0.9372395833333333 0.12760416666666666 0.12447916666666667
5 0.05572916666666667 0.9606770833333333 0.11145833333333334 0.075
0 0.10260416666666666 0.96484375 0.016666666666666666 0.031510416666666666
0 0.6130208333333333 0.14895833333333333 0.014583333333333334 0.03515625
5 0.5463541666666667 0.17395833333333333 0.14895833333333333 0.13515625
6 0.42239583333333336 0.26953125 0.017708333333333333 0.03515625
2 0.3731770833333333 0.3065104166666667 0.1515625 0.10546875
2 0.49166666666666664 0.42682291666666666 0.08333333333333333 0.059375
6 0.7041666666666667 0.4981770833333333 0.014583333333333334 0.018489583333333334
0 0.5502604166666667 0.5166666666666667 0.0140625 0.027864583333333335
6 0.4518229166666667 0.5255208333333333 0.0140625 0.03046875
3 0.7028645833333333 0.53984375 0.07760416666666667 0.15
2 0.4010416666666667 0.5536458333333333 0.11875 0.09270833333333334
2 0.5036458333333333 0.55546875 0.10625 0.14453125
0 0.74765625 0.5885416666666666 0.019270833333333334 0.03229166666666667
3 0.70390625 0.5986979166666667 0.12864583333333332 0.09348958333333333
3 0.6942708333333333 0.6013020833333333 0.11145833333333334 0.10651041666666666
6 0.74140625 0.634375 0.0171875 0.031510416666666666
6 0.29348958333333336 0.728125 0.018229166666666668 0.03046875
0 0.63671875 0.7427083333333333 0.0171875 0.03515625
2 0.26067708333333334 0.7744791666666667 0.16197916666666667 0.12317708333333334
2 0.58359375 0.7778645833333333 0.1296875 0.14270833333333333
0 0.7651041666666667 0.8885416666666667 0.01875 0.028645833333333332