3 0.40520833333333334 0.9380208333333333 0.042708333333333334 0.11484375
2 0.4265625 0.11614583333333334 0.030208333333333334 0.0546875
6 0.42942708333333335 0.12786458333333334 0.011979166666666667 0.022135416666666668
3 0.371875 0.46536458333333336 0.07395833333333333 0.12682291666666667
3 0.49895833333333334 0.48854166666666665 0.059375 0.13229166666666667
0 0.39140625 0.4947916666666667 0.0109375 0.015625
6 0.4875 0.5203125 0.009375 0.0203125
2 0.3390625 0.5489583333333333 0.053125 0.13333333333333333
2 0.4401041666666667 0.55 0.03125 0.09453125
3 0.5408854166666667 0.5630208333333333 0.0578125 0.11848958333333333
0 0.44557291666666665 0.5828125 0.009895833333333333 0.028645833333333332
3 0.45859375 0.615625 0.0296875 0.1296875
3 0.43697916666666664 0.64765625 0.0375 0.11380208333333333
6 0.45677083333333335 0.6552083333333333 0.0125 0.021354166666666667
0 0.44583333333333336 0.6869791666666667 0.009375 0.023958333333333335
6 0.44114583333333335 0.7864583333333334 0.011458333333333333 0.021354166666666667
2 0.42265625 0.8244791666666667 0.049479166666666664 0.1046875
0 0.12369791666666667 0.8893229166666666 0.0078125 0.021354166666666667
2 0.7122395833333334 0.8986979166666667 0.044270833333333336 0.0953125
2 0.13854166666666667 0.9046875 0.053125 0.08515625
6 0.7145833333333333 0.9231770833333334 0.010416666666666666 0.0203125