0 0.13333333333333333 0.92734375 0.007291666666666667 0.017708333333333333
3 0.79921875 0.9328125 0.04010416666666667 0.065625
6 0.8067708333333333 0.953125 0.009375 0.01953125
6 0.4661458333333333 0.15651041666666668 0.011458333333333333 0.022135416666666668
2 0.46796875 0.1625 0.022395833333333334 0.0546875
0 0.00390625 0.40520833333333334 0.0078125 0.01953125
2 0.016927083333333332 0.40703125 0.033854166666666664 0.03619791666666667
2 0.015885416666666666 0.478125 0.030729166666666665 0.06015625
6 0.005989583333333334 0.48020833333333335 0.011979166666666667 0.017708333333333333
2 0.96953125 0.49765625 0.059895833333333336 0.06614583333333333
6 0.9588541666666667 0.5 0.011458333333333333 0.016666666666666666
3 0.9145833333333333 0.50546875 0.05 0.08515625
6 0.9338541666666667 0.5166666666666667 0.013541666666666667 0.016666666666666666
6 0.9934895833333334 0.5385416666666667 0.011979166666666667 0.019791666666666666
2 0.98359375 0.5388020833333333 0.03177083333333333 0.05260416666666667
0 0.015625 0.5416666666666666 0.009375 0.0203125
2 0.027604166666666666 0.5486979166666667 0.052083333333333336 0.051041666666666666
2 0.9486979166666667 0.575 0.0328125 0.05182291666666667
6 0.9578125 0.5815104166666667 0.011458333333333333 0.018489583333333334
2 0.43802083333333336 0.8375 0.0375 0.065625
6 0.4322916666666667 0.8380208333333333 0.009375 0.018489583333333334
0 0.42604166666666665 0.8760416666666667 0.009375 0.01484375
2 0.42682291666666666 0.8986979166666667 0.022395833333333334 0.058333333333333334
2 0.14036458333333332 0.9203125 0.024479166666666666 0.03333333333333333