2 0.5536458333333333 0.478125 0.04479166666666667 0.10651041666666666
0 0.9401041666666666 0.48515625 0.013541666666666667 0.022135416666666668
2 0.93828125 0.4861979166666667 0.049479166666666664 0.06484375
6 0.5596354166666667 0.49453125 0.008854166666666666 0.016666666666666666
2 0.8361979166666667 0.5541666666666667 0.0421875 0.05651041666666667
6 0.8505208333333333 0.5588541666666667 0.0125 0.021354166666666667
6 0.59921875 0.565625 0.0109375 0.022135416666666668
2 0.5979166666666667 0.5713541666666667 0.059375 0.06666666666666667
2 0.6565104166666667 0.5856770833333333 0.044270833333333336 0.05286458333333333
6 0.6716145833333333 0.5916666666666667 0.0140625 0.022135416666666668
0 0.43046875 0.5916666666666667 0.009895833333333333 0.016666666666666666
2 0.4401041666666667 0.5989583333333334 0.0375 0.06484375
2 0.77890625 0.6434895833333333 0.0390625 0.06848958333333334
6 0.7802083333333333 0.66015625 0.014583333333333334 0.022135416666666668
2 0.4661458333333333 0.6809895833333334 0.04479166666666667 0.084375
2 0.6466145833333333 0.6833333333333333 0.030729166666666665 0.09270833333333334
0 0.4671875 0.6869791666666667 0.010416666666666666 0.0203125
6 0.6528645833333333 0.70703125 0.0109375 0.01953125
2 0.5013020833333334 0.7231770833333333 0.034895833333333334 0.1203125
6 0.68203125 0.7278645833333334 0.0109375 0.0203125
2 0.68125 0.7302083333333333 0.042708333333333334 0.065625
0 0.4981770833333333 0.7315104166666667 0.011979166666666667 0.018489583333333334
2 0.56796875 0.7388020833333333 0.034895833333333334 0.07213541666666666
0 0.5700520833333333 0.7552083333333334 0.011979166666666667 0.01953125
2 0.5994791666666667 0.8161458333333333 0.051041666666666666 0.0953125
6 0.6026041666666667 0.81953125 0.009375 0.018489583333333334
2 0.465625 0.8208333333333333 0.041666666666666664 0.1046875
0 0.4705729166666667 0.85 0.0109375 0.016666666666666666