0 0.5122395833333333 0.12864583333333332 0.009895833333333333 0.018489583333333334
5 0.5122395833333333 0.13515625 0.0328125 0.05364583333333333
2 0.4875 0.20885416666666667 0.051041666666666666 0.15651041666666668
2 0.45546875 0.24479166666666666 0.0890625 0.09895833333333333
0 0.4984375 0.24635416666666668 0.009375 0.022135416666666668
6 0.47942708333333334 0.2625 0.0109375 0.021354166666666667
3 0.5799479166666667 0.31796875 0.05364583333333333 0.125
3 0.5309895833333333 0.37864583333333335 0.07239583333333334 0.11484375
3 0.49557291666666664 0.3828125 0.05364583333333333 0.12682291666666667
2 0.6424479166666667 0.4166666666666667 0.07760416666666667 0.090625
2 0.47734375 0.4875 0.08697916666666666 0.0546875