5 0.6575520833333334 0.11770833333333333 0.04114583333333333 0.10546875
0 0.659375 0.12265625 0.008333333333333333 0.021354166666666667
2 0.7364583333333333 0.20520833333333333 0.04583333333333333 0.09348958333333333
6 0.7533854166666667 0.21666666666666667 0.0109375 0.018489583333333334
0 0.69921875 0.4005208333333333 0.0109375 0.021354166666666667
2 0.6927083333333334 0.40546875 0.03125 0.05364583333333333
6 0.6697916666666667 0.43203125 0.010416666666666666 0.013802083333333333
0 0.6026041666666667 0.4322916666666667 0.010416666666666666 0.018489583333333334
2 0.6651041666666667 0.4322916666666667 0.028125 0.05364583333333333
2 0.5950520833333334 0.4453125 0.033854166666666664 0.07213541666666666
6 0.62421875 0.4453125 0.0078125 0.013020833333333334
2 0.6208333333333333 0.45364583333333336 0.025 0.08880208333333334
0 0.61015625 0.5171875 0.008854166666666666 0.015625
2 0.6138020833333333 0.51953125 0.0296875 0.06848958333333334
0 0.6458333333333334 0.5244791666666667 0.009375 0.015625
2 0.63671875 0.5346354166666667 0.03177083333333333 0.05651041666666667
2 0.6877604166666667 0.5528645833333333 0.028645833333333332 0.05364583333333333
6 0.6924479166666667 0.5552083333333333 0.011979166666666667 0.017708333333333333
2 0.5395833333333333 0.5666666666666667 0.036458333333333336 0.05546875
6 0.5364583333333334 0.5703125 0.010416666666666666 0.018489583333333334
5 0.8088541666666667 0.6213541666666667 0.052083333333333336 0.06484375
0 0.82578125 0.6302083333333334 0.011979166666666667 0.015625
5 0.4640625 0.6434895833333333 0.026041666666666668 0.0703125
0 0.46015625 0.65703125 0.008854166666666666 0.015625