0 0.15286458333333333 0.92734375 0.011979166666666667 0.025
2 0.8184895833333333 0.9541666666666667 0.08802083333333334 0.08984375
6 0.47890625 0.32916666666666666 0.011979166666666667 0.017708333333333333
2 0.4713541666666667 0.33567708333333335 0.035416666666666666 0.15651041666666668
2 0.4822916666666667 0.4778645833333333 0.125 0.06848958333333334
2 0.44609375 0.49270833333333336 0.0109375 0.022135416666666668
6 0.5596354166666667 0.5791666666666667 0.009895833333333333 0.017708333333333333
2 0.5645833333333333 0.5828125 0.03958333333333333 0.07682291666666667
2 0.8184895833333333 0.6083333333333333 0.05677083333333333 0.06848958333333334
6 0.8268229166666666 0.6291666666666667 0.013020833333333334 0.01953125
2 0.6364583333333333 0.6510416666666666 0.11354166666666667 0.057291666666666664
6 0.6046875 0.65546875 0.013541666666666667 0.022135416666666668
2 0.8236979166666667 0.70234375 0.09322916666666667 0.134375
0 0.8541666666666666 0.7166666666666667 0.0125 0.0296875
2 0.6783854166666666 0.759375 0.08802083333333334 0.05364583333333333
2 0.803125 0.8203125 0.10833333333333334 0.15
2 0.7661458333333333 0.8356770833333333 0.05625 0.09713541666666667
0 0.8325520833333333 0.84765625 0.013020833333333334 0.026822916666666665
0 0.78359375 0.8578125 0.015104166666666667 0.025
2 0.5984375 0.8643229166666667 0.0625 0.065625
0 0.5776041666666667 0.8791666666666667 0.011458333333333333 0.025
2 0.15963541666666667 0.9244791666666666 0.05260416666666667 0.08802083333333334