3 0.67578125 0.18333333333333332 0.0609375 0.22213541666666667
6 0.5239583333333333 0.2046875 0.013541666666666667 0.031510416666666666
6 0.7190104166666667 0.24583333333333332 0.019270833333333334 0.03046875
3 0.50546875 0.25052083333333336 0.09947916666666666 0.13229166666666667
3 0.5760416666666667 0.28984375 0.09166666666666666 0.08697916666666666
3 0.640625 0.2981770833333333 0.058333333333333334 0.14635416666666667
3 0.7252604166666666 0.31197916666666664 0.06927083333333334 0.1703125
6 0.6815104166666667 0.3690104166666667 0.015104166666666667 0.025
3 0.44765625 0.40182291666666664 0.09947916666666666 0.16119791666666666
5 0.6536458333333334 0.4361979166666667 0.1375 0.17213541666666668
6 0.50546875 0.48203125 0.015104166666666667 0.026822916666666665
0 0.20520833333333333 0.503125 0.019791666666666666 0.034375
2 0.5263020833333333 0.5221354166666666 0.0984375 0.17604166666666668
5 0.16302083333333334 0.5255208333333333 0.12604166666666666 0.11770833333333333
0 0.6971354166666667 0.6361979166666667 0.0171875 0.031510416666666666
5 0.6677083333333333 0.6611979166666667 0.103125 0.12213541666666666