0 0.42994791666666665 0.12552083333333333 0.024479166666666666 0.04348958333333333
3 0.6588541666666666 0.15182291666666667 0.08645833333333333 0.12395833333333334
2 0.4036458333333333 0.1671875 0.08958333333333333 0.23046875
3 0.73515625 0.18984375 0.07760416666666667 0.25
2 0.46328125 0.20729166666666668 0.09322916666666667 0.28151041666666665
6 0.6127604166666667 0.22135416666666666 0.0234375 0.04453125
3 0.5580729166666667 0.22369791666666666 0.1234375 0.20651041666666667
2 0.5796875 0.33984375 0.15104166666666666 0.32395833333333335
2 0.44453125 0.3697916666666667 0.09635416666666667 0.11953125
6 0.44505208333333335 0.375 0.024479166666666666 0.04453125
0 0.6380208333333334 0.45 0.025 0.05
2 0.6002604166666666 0.4778645833333333 0.15989583333333332 0.1296875
0 0.76484375 0.5135416666666667 0.024479166666666666 0.03619791666666667
5 0.7125 0.5838541666666667 0.16458333333333333 0.22682291666666668
5 0.17265625 0.8856770833333333 0.07760416666666667 0.15286458333333333
0 0.15416666666666667 0.8986979166666667 0.028125 0.03984375
6 0.49713541666666666 0.0921875 0.0203125 0.03984375