0 0.3958333333333333 0.9296875 0.015625 0.027864583333333335
5 0.41354166666666664 0.9380208333333333 0.07604166666666666 0.12291666666666666
3 0.4981770833333333 0.95234375 0.0515625 0.09427083333333333
0 0.5854166666666667 0.965625 0.013541666666666667 0.026041666666666668
5 0.59765625 0.9700520833333334 0.06822916666666666 0.058854166666666666
2 0.5606770833333333 0.4361979166666667 0.14635416666666667 0.090625
0 0.5276041666666667 0.45286458333333335 0.015625 0.022135416666666668
2 0.10963541666666667 0.484375 0.11614583333333334 0.11302083333333333
2 0.74375 0.4875 0.15208333333333332 0.084375
3 0.2359375 0.4903645833333333 0.08125 0.10651041666666666
0 0.7026041666666667 0.51015625 0.015625 0.031510416666666666
2 0.0296875 0.5208333333333334 0.059375 0.115625
6 0.26666666666666666 0.5231770833333333 0.017708333333333333 0.0203125
6 0.03671875 0.5388020833333333 0.016145833333333335 0.03333333333333333
2 0.20390625 0.5971354166666667 0.07760416666666667 0.109375
3 0.45286458333333335 0.6197916666666666 0.09427083333333333 0.15286458333333333
6 0.23645833333333333 0.63515625 0.011458333333333333 0.023958333333333335
3 0.5640625 0.6611979166666667 0.10729166666666666 0.09817708333333333
0 0.4276041666666667 0.66953125 0.0125 0.027864583333333335
0 0.5372395833333333 0.6903645833333333 0.009895833333333333 0.03046875
5 0.46927083333333336 0.008854166666666666 0.0375 0.017708333333333333