2 0.5713541666666667 0.9533854166666667 0.051041666666666666 0.0921875
2 0.93828125 0.09817708333333333 0.043229166666666666 0.09635416666666667
2 0.47682291666666665 0.1078125 0.03697916666666667 0.08984375
6 0.22526041666666666 0.11432291666666666 0.016145833333333335 0.028645833333333332
6 0.5393229166666667 0.015364583333333333 0.015104166666666667 0.028645833333333332
6 0.2328125 0.0203125 0.015625 0.026041666666666668
2 0.24817708333333333 0.025520833333333333 0.0546875 0.051041666666666666
6 0.6078125 0.3177083333333333 0.014583333333333334 0.03333333333333333
5 0.5984375 0.34869791666666666 0.07291666666666667 0.14166666666666666
0 0.4348958333333333 0.45651041666666664 0.013541666666666667 0.0296875
3 0.4713541666666667 0.47213541666666664 0.10208333333333333 0.11666666666666667
2 0.5325520833333334 0.058854166666666666 0.06302083333333333 0.11770833333333333
3 0.34036458333333336 0.5986979166666667 0.0359375 0.15286458333333333
6 0.4015625 0.6111979166666667 0.011458333333333333 0.026041666666666668
6 0.5302083333333333 0.61953125 0.013541666666666667 0.027864583333333335
2 0.3614583333333333 0.6385416666666667 0.07604166666666666 0.14166666666666666
2 0.4166666666666667 0.6494791666666667 0.075 0.15651041666666668
2 0.5463541666666667 0.6619791666666667 0.08854166666666667 0.14817708333333332
3 0.46927083333333336 0.6736979166666667 0.09166666666666666 0.1046875
2 0.20729166666666668 0.07083333333333333 0.08020833333333334 0.14166666666666666
6 0.471875 0.07682291666666667 0.013541666666666667 0.026041666666666668
6 0.9486979166666667 0.07734375 0.016145833333333335 0.034375
2 0.6229166666666667 0.7947916666666667 0.020833333333333332 0.051041666666666666
6 0.6216145833333333 0.7994791666666666 0.0109375 0.023177083333333334
0 0.7473958333333334 0.8052083333333333 0.017708333333333333 0.03046875
5 0.7489583333333333 0.8690104166666667 0.052083333333333336 0.24713541666666666
0 0.5541666666666667 0.9213541666666667 0.015625 0.0296875