2 0.7130208333333333 0.9638020833333333 0.053125 0.048177083333333336
6 0.7052083333333333 0.96953125 0.013541666666666667 0.0203125
2 0.44869791666666664 0.103125 0.0328125 0.058333333333333334
6 0.4515625 0.11145833333333334 0.009375 0.021354166666666667
2 0.24661458333333333 0.39479166666666665 0.08697916666666666 0.07135416666666666
0 0.26927083333333335 0.409375 0.011458333333333333 0.016666666666666666
2 0.13098958333333333 0.43463541666666666 0.09322916666666667 0.05286458333333333
0 0.15572916666666667 0.43984375 0.010416666666666666 0.016666666666666666
3 0.2598958333333333 0.46015625 0.07708333333333334 0.05
0 0.2864583333333333 0.46770833333333334 0.010416666666666666 0.0203125
2 0.6861979166666666 0.4940104166666667 0.0765625 0.041666666666666664
6 0.6088541666666667 0.5203125 0.008333333333333333 0.0203125
2 0.6385416666666667 0.521875 0.08229166666666667 0.051041666666666666
2 0.20338541666666668 0.5481770833333334 0.07864583333333333 0.05364583333333333
0 0.22942708333333334 0.5606770833333333 0.008854166666666666 0.013802083333333333
6 0.7510416666666667 0.5666666666666667 0.014583333333333334 0.018489583333333334
2 0.7786458333333334 0.5690104166666666 0.08645833333333333 0.06197916666666667
6 0.6458333333333334 0.6018229166666667 0.0125 0.018489583333333334
2 0.6692708333333334 0.6135416666666667 0.09479166666666666 0.07317708333333334
2 0.4088541666666667 0.7744791666666667 0.030208333333333334 0.084375
6 0.4046875 0.7763020833333333 0.010416666666666666 0.023177083333333334
2 0.11119791666666666 0.81015625 0.0578125 0.07604166666666666
0 0.10182291666666667 0.8197916666666667 0.015104166666666667 0.021354166666666667
3 0.3802083333333333 0.8953125 0.030208333333333334 0.057291666666666664