2 0.29661458333333335 0.9546875 0.0828125 0.08958333333333333
3 0.3765625 0.3809895833333333 0.010416666666666666 0.017708333333333333
3 0.3546875 0.38567708333333334 0.10520833333333333 0.03802083333333333
6 0.7453125 0.42265625 0.014583333333333334 0.025
2 0.7869791666666667 0.4231770833333333 0.1 0.05546875
6 0.7078125 0.49166666666666664 0.013541666666666667 0.0203125
3 0.7364583333333333 0.4921875 0.10416666666666667 0.03802083333333333
2 0.39609375 0.5013020833333334 0.10364583333333334 0.03802083333333333
0 0.4239583333333333 0.5036458333333333 0.011458333333333333 0.018489583333333334
0 0.25703125 0.50546875 0.0140625 0.027864583333333335
2 0.89140625 0.5111979166666667 0.1078125 0.05364583333333333
6 0.8557291666666667 0.5153645833333333 0.011458333333333333 0.023177083333333334
2 0.2328125 0.5153645833333333 0.12291666666666666 0.051041666666666666
2 0.80625 0.578125 0.11666666666666667 0.058333333333333334
6 0.775 0.5786458333333333 0.013541666666666667 0.022135416666666668
2 0.32708333333333334 0.5833333333333334 0.11979166666666667 0.05
0 0.36171875 0.584375 0.013020833333333334 0.018489583333333334
0 0.4315104166666667 0.8380208333333333 0.0109375 0.0203125
6 0.5091145833333334 0.840625 0.011979166666666667 0.0203125
2 0.5174479166666667 0.8471354166666667 0.049479166666666664 0.06302083333333333
2 0.40130208333333334 0.8638020833333333 0.0953125 0.10546875
2 0.13958333333333334 0.8994791666666667 0.059375 0.08046875
6 0.14192708333333334 0.9052083333333333 0.013020833333333334 0.023177083333333334