0 0.6424479166666667 0.13203125 0.015104166666666667 0.03229166666666667
5 0.5966145833333333 0.14947916666666666 0.15885416666666666 0.084375
2 0.5213541666666667 0.26197916666666665 0.13958333333333334 0.08697916666666666
6 0.5661458333333333 0.26953125 0.020833333333333332 0.023958333333333335
3 0.6994791666666667 0.321875 0.09895833333333333 0.084375
0 0.5484375 0.3763020833333333 0.015625 0.03229166666666667
3 0.73671875 0.4088541666666667 0.08385416666666666 0.11015625
2 0.496875 0.4236979166666667 0.11875 0.13046875
6 0.57734375 0.4427083333333333 0.015104166666666667 0.0296875
2 0.5651041666666666 0.44479166666666664 0.103125 0.07317708333333334
2 0.6489583333333333 0.5171875 0.134375 0.09895833333333333
6 0.49765625 0.52734375 0.0203125 0.026822916666666665
2 0.49192708333333335 0.5322916666666667 0.0609375 0.07786458333333333
2 0.5216145833333333 0.57265625 0.12760416666666666 0.13619791666666667
6 0.55625 0.5736979166666667 0.01875 0.03619791666666667
2 0.40963541666666664 0.66484375 0.05364583333333333 0.061197916666666664
0 0.41354166666666664 0.6763020833333333 0.016666666666666666 0.026822916666666665
0 0.9 0.8309895833333333 0.019791666666666666 0.034375
5 0.8549479166666667 0.8403645833333333 0.1359375 0.10104166666666667