0 0.58359375 0.13619791666666667 0.018229166666666668 0.03333333333333333
6 0.4713541666666667 0.15416666666666667 0.011458333333333333 0.023177083333333334
3 0.43333333333333335 0.16354166666666667 0.09166666666666666 0.06770833333333333
3 0.6080729166666666 0.18333333333333332 0.06614583333333333 0.1296875
0 0.7364583333333333 0.20651041666666667 0.013541666666666667 0.022135416666666668
0 0.5638020833333334 0.21145833333333333 0.016145833333333335 0.025
3 0.5489583333333333 0.22682291666666668 0.08125 0.140625
6 0.21223958333333334 0.23932291666666666 0.0109375 0.023177083333333334
2 0.7739583333333333 0.2559895833333333 0.13020833333333334 0.12682291666666667
2 0.18463541666666666 0.25833333333333336 0.13177083333333334 0.07395833333333333
3 0.5692708333333333 0.26848958333333334 0.06354166666666666 0.14453125
6 0.371875 0.3 0.010416666666666666 0.016666666666666666
3 0.35598958333333336 0.33046875 0.1203125 0.09817708333333333
0 0.5895833333333333 0.371875 0.0125 0.01953125
3 0.6252604166666667 0.40130208333333334 0.08489583333333334 0.084375
0 0.7098958333333333 0.6208333333333333 0.013541666666666667 0.021354166666666667
5 0.6776041666666667 0.6713541666666667 0.08020833333333334 0.12213541666666666
5 0.4466145833333333 0.8005208333333333 0.043229166666666666 0.09166666666666666
0 0.4375 0.8197916666666667 0.0125 0.025