6 0.4765625 0.10286458333333333 0.010416666666666666 0.018489583333333334
2 0.47291666666666665 0.11067708333333333 0.026041666666666668 0.05651041666666667
0 0.0125 0.3421875 0.011458333333333333 0.023177083333333334
2 0.019791666666666666 0.34401041666666665 0.03958333333333333 0.06770833333333333
0 0.011979166666666667 0.40286458333333336 0.015625 0.018489583333333334
2 0.021354166666666667 0.4046875 0.040625 0.059375
0 0.021354166666666667 0.4666666666666667 0.011458333333333333 0.016666666666666666
2 0.03125 0.475 0.04479166666666667 0.04453125
6 0.96328125 0.48020833333333335 0.0109375 0.015625
2 0.9765625 0.48723958333333334 0.04583333333333333 0.09322916666666667
2 0.9372395833333333 0.4986979166666667 0.0265625 0.06770833333333333
6 0.9442708333333333 0.5018229166666667 0.011458333333333333 0.016666666666666666
2 0.9877604166666667 0.5239583333333333 0.0234375 0.04583333333333333
6 0.9627604166666667 0.5630208333333333 0.013020833333333334 0.023958333333333335
2 0.9505208333333334 0.5671875 0.042708333333333334 0.06380208333333333
2 0.45234375 0.7703125 0.025520833333333333 0.06484375
6 0.4518229166666667 0.7721354166666666 0.008854166666666666 0.018489583333333334
0 0.4200520833333333 0.8552083333333333 0.011979166666666667 0.017708333333333333
3 0.14817708333333332 0.8588541666666667 0.06197916666666667 0.10651041666666666
6 0.14088541666666668 0.86796875 0.027604166666666666 0.03619791666666667
2 0.425 0.88046875 0.030208333333333334 0.06848958333333334
2 0.8028645833333333 0.9125 0.0421875 0.058333333333333334
6 0.8145833333333333 0.9125 0.007291666666666667 0.017708333333333333