5 0.41848958333333336 0.10286458333333333 0.06614583333333333 0.1203125
0 0.28802083333333334 0.2981770833333333 0.014583333333333334 0.022135416666666668
0 0.221875 0.3028645833333333 0.0125 0.027864583333333335
3 0.11822916666666666 0.30963541666666666 0.06354166666666666 0.0953125
2 0.24296875 0.32734375 0.0578125 0.09713541666666667
6 0.16328125 0.33229166666666665 0.016145833333333335 0.026041666666666668
2 0.31927083333333334 0.33229166666666665 0.078125 0.09635416666666667
2 0.19270833333333334 0.36770833333333336 0.09895833333333333 0.10729166666666666
6 0.12083333333333333 0.3736979166666667 0.014583333333333334 0.01953125
2 0.15 0.4114583333333333 0.0875 0.11953125
0 0.08333333333333333 0.478125 0.0125 0.025
3 0.22369791666666666 0.4786458333333333 0.0890625 0.15182291666666667
6 0.35989583333333336 0.4856770833333333 0.013541666666666667 0.021354166666666667
5 0.12317708333333334 0.5046875 0.09427083333333333 0.07786458333333333
0 0.3125 0.50703125 0.016666666666666666 0.025
2 0.33541666666666664 0.5213541666666667 0.09583333333333334 0.10729166666666666
2 0.36171875 0.5380208333333333 0.044270833333333336 0.140625
0 0.4109375 0.071875 0.014583333333333334 0.021354166666666667
0 0.39036458333333335 0.7546875 0.011979166666666667 0.023958333333333335
5 0.4315104166666667 0.7791666666666667 0.1078125 0.10651041666666666