0 0.6919270833333333 0.32317708333333334 0.025520833333333333 0.03697916666666667
6 0.5432291666666667 0.35130208333333335 0.020833333333333332 0.03802083333333333
2 0.6450520833333333 0.3671875 0.1546875 0.16015625
3 0.6653645833333334 0.39114583333333336 0.1671875 0.23229166666666667
2 0.5169270833333334 0.41015625 0.1046875 0.209375
0 0.8135416666666667 0.4434895833333333 0.015625 0.023958333333333335
6 0.45729166666666665 0.47369791666666666 0.01875 0.034375
2 0.7752604166666667 0.5 0.1265625 0.2203125
2 0.4390625 0.54453125 0.1 0.25729166666666664
6 0.5153645833333333 0.5697916666666667 0.016145833333333335 0.03046875
2 0.47760416666666666 0.575 0.096875 0.090625
6 0.5864583333333333 0.6125 0.01875 0.03619791666666667
0 0.2234375 0.615625 0.017708333333333333 0.03333333333333333
5 0.20520833333333333 0.6184895833333334 0.11770833333333333 0.07604166666666666
0 0.91015625 0.6221354166666667 0.018229166666666668 0.038802083333333334
3 0.6309895833333333 0.63984375 0.0890625 0.19635416666666666
2 0.5484375 0.65234375 0.15208333333333332 0.15651041666666668
5 0.84609375 0.65703125 0.17135416666666667 0.19713541666666667