2 0.6263020833333334 0.9627604166666667 0.04739583333333333 0.0734375
0 0.6369791666666667 0.9703125 0.010416666666666666 0.0203125
6 0.5091145833333334 0.6328125 0.0109375 0.017708333333333333
2 0.5104166666666666 0.634375 0.04375 0.090625
2 0.42994791666666665 0.6869791666666667 0.03802083333333333 0.12213541666666666
6 0.44140625 0.6916666666666667 0.008854166666666666 0.013020833333333334
6 0.5463541666666667 0.7278645833333334 0.010416666666666666 0.018489583333333334
2 0.55 0.728125 0.030208333333333334 0.06197916666666667
2 0.61875 0.73984375 0.051041666666666666 0.07213541666666666
0 0.6307291666666667 0.7403645833333333 0.008333333333333333 0.017708333333333333
2 0.4861979166666667 0.7927083333333333 0.025520833333333333 0.09453125
6 0.48515625 0.81484375 0.0109375 0.023958333333333335
2 0.5989583333333334 0.8356770833333333 0.046875 0.07135416666666666
2 0.7114583333333333 0.8364583333333333 0.035416666666666666 0.09895833333333333
0 0.70078125 0.83984375 0.008854166666666666 0.016666666666666666
2 0.6307291666666667 0.8421875 0.03229166666666667 0.13619791666666667
0 0.6044270833333333 0.8489583333333334 0.011979166666666667 0.022135416666666668
0 0.6270833333333333 0.89296875 0.008333333333333333 0.017708333333333333