0 0.628125 0.2078125 0.016666666666666666 0.026822916666666665
2 0.5934895833333333 0.21614583333333334 0.10572916666666667 0.075
3 0.5544270833333333 0.3059895833333333 0.09114583333333333 0.11015625
2 0.675 0.31302083333333336 0.09479166666666666 0.13697916666666668
0 0.5283854166666667 0.35520833333333335 0.018229166666666668 0.025
3 0.6513020833333333 0.37395833333333334 0.0953125 0.09453125
2 0.5114583333333333 0.38229166666666664 0.10104166666666667 0.14635416666666667
2 0.5322916666666667 0.43802083333333336 0.04479166666666667 0.09817708333333333
0 0.5473958333333333 0.43854166666666666 0.016666666666666666 0.028645833333333332
2 0.6317708333333333 0.4546875 0.08229166666666667 0.07395833333333333
0 0.64375 0.46979166666666666 0.013541666666666667 0.028645833333333332
2 0.6669270833333333 0.52265625 0.0578125 0.10651041666666666
6 0.6739583333333333 0.5447916666666667 0.013541666666666667 0.026822916666666665