0 0.19166666666666668 0.016145833333333335 0.011458333333333333 0.01953125
2 0.5973958333333333 0.022395833333333334 0.028125 0.04479166666666667
2 0.19479166666666667 0.028385416666666666 0.03333333333333333 0.05677083333333333
0 0.3651041666666667 0.4947916666666667 0.009375 0.013802083333333333
2 0.3424479166666667 0.5153645833333333 0.0859375 0.065625
3 0.28828125 0.6046875 0.0328125 0.10364583333333334
0 0.38359375 0.64296875 0.008854166666666666 0.01953125
2 0.2828125 0.6494791666666667 0.029166666666666667 0.047135416666666666
0 0.28151041666666665 0.6541666666666667 0.0078125 0.015625
2 0.3645833333333333 0.6643229166666667 0.07291666666666667 0.09895833333333333
0 0.2921875 0.66796875 0.009375 0.017708333333333333
2 0.28203125 0.6880208333333333 0.05364583333333333 0.05546875
6 0.4283854166666667 0.7346354166666667 0.009895833333333333 0.013802083333333333
0 0.29453125 0.7528645833333333 0.0109375 0.016666666666666666
2 0.4 0.7815104166666667 0.08854166666666667 0.11119791666666666
2 0.3421875 0.7869791666666667 0.021875 0.05546875
2 0.28541666666666665 0.7875 0.05520833333333333 0.13802083333333334
6 0.3390625 0.7981770833333334 0.008333333333333333 0.018489583333333334