2 0.47578125 0.35 0.08385416666666666 0.1203125
6 0.4947916666666667 0.38046875 0.010416666666666666 0.018489583333333334
2 0.596875 0.39453125 0.09583333333333334 0.19270833333333334
2 0.42526041666666664 0.4171875 0.033854166666666664 0.06953125
6 0.6203125 0.43020833333333336 0.009375 0.01953125
0 0.4158854166666667 0.4328125 0.009895833333333333 0.017708333333333333
2 0.5651041666666666 0.43697916666666664 0.10104166666666667 0.1296875
6 0.5955729166666667 0.46380208333333334 0.009895833333333333 0.0203125
2 0.7247395833333333 0.47369791666666666 0.07552083333333333 0.12135416666666667
0 0.7536458333333333 0.49713541666666666 0.010416666666666666 0.023958333333333335
2 0.6583333333333333 0.5114583333333333 0.06354166666666666 0.1453125
2 0.5223958333333333 0.559375 0.08541666666666667 0.10729166666666666
2 0.5848958333333333 0.5736979166666667 0.1 0.11953125
2 0.44036458333333334 0.58046875 0.08697916666666666 0.16848958333333333
2 0.5213541666666667 0.5893229166666667 0.09583333333333334 0.09348958333333333
6 0.6111979166666667 0.5953125 0.0109375 0.016666666666666666
6 0.55859375 0.59765625 0.009895833333333333 0.021354166666666667
6 0.5520833333333334 0.6197916666666666 0.008333333333333333 0.015625
6 0.45208333333333334 0.625 0.009375 0.018489583333333334
2 0.5052083333333334 0.6940104166666666 0.09895833333333333 0.09713541666666667
3 0.59921875 0.7171875 0.0734375 0.18984375
0 0.54140625 0.7236979166666667 0.011979166666666667 0.01953125
2 0.5825520833333333 0.796875 0.07447916666666667 0.06197916666666667
0 0.6057291666666667 0.8125 0.008333333333333333 0.015625