2 0.8669270833333333 0.10703125 0.0359375 0.0953125
0 0.20546875 0.18645833333333334 0.0109375 0.017708333333333333
2 0.24166666666666667 0.20598958333333334 0.11354166666666667 0.08984375
6 0.5533854166666666 0.27395833333333336 0.009895833333333333 0.026041666666666668
2 0.5575520833333333 0.3263020833333333 0.03697916666666667 0.19348958333333333
2 0.8234375 0.4356770833333333 0.13541666666666666 0.05651041666666667
0 0.8575520833333333 0.4375 0.0140625 0.03046875
2 0.9208333333333333 0.5630208333333333 0.03333333333333333 0.14270833333333333
2 0.7497395833333333 0.57734375 0.05260416666666667 0.05286458333333333
6 0.7625 0.5833333333333334 0.011458333333333333 0.023958333333333335
2 0.75078125 0.6072916666666667 0.0734375 0.06302083333333333
2 0.65546875 0.6135416666666667 0.10677083333333333 0.08046875
6 0.75 0.6171875 0.0125 0.025
6 0.6372395833333333 0.6177083333333333 0.016145833333333335 0.03333333333333333
0 0.9263020833333333 0.61953125 0.011979166666666667 0.023958333333333335
0 0.7971354166666667 0.6213541666666667 0.011979166666666667 0.023958333333333335
2 0.7825520833333334 0.6388020833333333 0.14010416666666667 0.11666666666666667
0 0.9861979166666667 0.69453125 0.0109375 0.022135416666666668
2 0.94921875 0.7 0.10052083333333334 0.065625
6 0.8692708333333333 0.075 0.011458333333333333 0.018489583333333334
0 0.90703125 0.8013020833333333 0.011979166666666667 0.023177083333333334
2 0.865625 0.80234375 0.12604166666666666 0.07682291666666667
0 0.6411458333333333 0.9153645833333334 0.011458333333333333 0.026822916666666665
2 0.6401041666666667 0.9236979166666667 0.028125 0.07317708333333334