2 0.8682291666666667 0.9822916666666667 0.06458333333333334 0.03515625
2 0.5838541666666667 0.990625 0.022916666666666665 0.018489583333333334
0 0.5864583333333333 0.9919270833333333 0.009375 0.015104166666666667
6 0.4049479166666667 0.359375 0.0109375 0.0203125
2 0.4046875 0.3606770833333333 0.028125 0.05651041666666667
6 0.7190104166666667 0.4635416666666667 0.011979166666666667 0.021354166666666667
6 0.8109375 0.46848958333333335 0.0125 0.023958333333333335
2 0.6346354166666667 0.4778645833333333 0.033854166666666664 0.109375
2 0.7984375 0.4786458333333333 0.042708333333333334 0.11484375
2 0.7028645833333333 0.4791666666666667 0.09427083333333333 0.06770833333333333
0 0.6408854166666667 0.4828125 0.0109375 0.021354166666666667
2 0.8932291666666666 0.540625 0.042708333333333334 0.06666666666666667
6 0.8953125 0.5421875 0.014583333333333334 0.01953125
0 0.5973958333333333 0.5505208333333333 0.016666666666666666 0.01953125
2 0.5950520833333334 0.5518229166666667 0.0640625 0.06302083333333333
2 0.8140625 0.5677083333333334 0.06041666666666667 0.07395833333333333
0 0.690625 0.5760416666666667 0.009375 0.016666666666666666
2 0.68359375 0.5786458333333333 0.030729166666666665 0.06666666666666667
6 0.8364583333333333 0.5828125 0.014583333333333334 0.023177083333333334
2 0.7908854166666667 0.65234375 0.0515625 0.07682291666666667
2 0.67578125 0.6635416666666667 0.0453125 0.06380208333333333
6 0.8059895833333334 0.6653645833333334 0.0109375 0.01953125
0 0.6838541666666667 0.6731770833333334 0.0125 0.0203125
2 0.7364583333333333 0.7041666666666667 0.05416666666666667 0.065625
6 0.7473958333333334 0.72265625 0.014583333333333334 0.026822916666666665