0 0.3658854166666667 0.15651041666666668 0.015104166666666667 0.0296875
0 0.30807291666666664 0.19635416666666666 0.0171875 0.027864583333333335
6 0.21770833333333334 0.21067708333333332 0.023958333333333335 0.028645833333333332
2 0.35520833333333335 0.22135416666666666 0.06875 0.2721354166666667
2 0.20859375 0.22734375 0.1109375 0.14895833333333333
2 0.2989583333333333 0.22786458333333334 0.05416666666666667 0.1
6 0.24427083333333333 0.2630208333333333 0.016666666666666666 0.03333333333333333
2 0.23958333333333334 0.278125 0.04895833333333333 0.084375
2 0.15052083333333333 0.3296875 0.07395833333333333 0.11484375
2 0.19088541666666667 0.033854166666666664 0.0390625 0.06770833333333333
0 0.16432291666666668 0.36614583333333334 0.016145833333333335 0.03046875
2 0.5263020833333333 0.36770833333333336 0.10052083333333334 0.12604166666666666
6 0.55625 0.36770833333333336 0.017708333333333333 0.027864583333333335
5 0.40520833333333334 0.03697916666666667 0.096875 0.07395833333333333
5 0.7395833333333334 0.4671875 0.05416666666666667 0.08802083333333334
0 0.74765625 0.46901041666666665 0.0203125 0.028645833333333332
2 0.4361979166666667 0.53515625 0.06197916666666667 0.10364583333333334
6 0.44114583333333335 0.565625 0.016666666666666666 0.03333333333333333
0 0.16015625 0.5661458333333333 0.019270833333333334 0.03802083333333333
2 0.18541666666666667 0.58515625 0.07395833333333333 0.19635416666666666
5 0.30572916666666666 0.7260416666666667 0.06041666666666667 0.11119791666666666
0 0.28802083333333334 0.7536458333333333 0.017708333333333333 0.0296875