5 0.3411458333333333 0.09401041666666667 0.04375 0.12135416666666667
2 0.06171875 0.278125 0.07864583333333333 0.06197916666666667
0 0.08489583333333334 0.28229166666666666 0.016666666666666666 0.0296875
0 0.18046875 0.31536458333333334 0.009895833333333333 0.017708333333333333
2 0.14895833333333333 0.315625 0.07604166666666666 0.038802083333333334
2 0.5216145833333333 0.3619791666666667 0.06302083333333333 0.026041666666666668
0 0.17473958333333334 0.4083333333333333 0.013020833333333334 0.022135416666666668
2 0.13723958333333333 0.41015625 0.08802083333333334 0.05364583333333333
2 0.0328125 0.41901041666666666 0.065625 0.04895833333333333
6 0.4661458333333333 0.42213541666666665 0.010416666666666666 0.016666666666666666
2 0.49973958333333335 0.425 0.0828125 0.038802083333333334
2 0.61953125 0.42864583333333334 0.09947916666666666 0.05546875
0 0.038802083333333334 0.4309895833333333 0.013020833333333334 0.021354166666666667
6 0.5877604166666667 0.43984375 0.013020833333333334 0.023958333333333335
2 0.5283854166666667 0.48151041666666666 0.08802083333333334 0.03697916666666667
6 0.5075520833333333 0.48203125 0.008854166666666666 0.021354166666666667
0 0.34713541666666664 0.6356770833333333 0.011979166666666667 0.021354166666666667
5 0.36223958333333334 0.6552083333333333 0.04739583333333333 0.06197916666666667
5 0.421875 0.75546875 0.014583333333333334 0.018489583333333334
5 0.42473958333333334 0.7661458333333333 0.049479166666666664 0.06380208333333333