6 0.40989583333333335 0.021875 0.010416666666666666 0.021354166666666667
2 0.04140625 0.30885416666666665 0.0421875 0.16770833333333332
2 0.01640625 0.334375 0.028645833333333332 0.1796875
6 0.029166666666666667 0.35052083333333334 0.010416666666666666 0.01953125
6 0.0067708333333333336 0.3846354166666667 0.009375 0.015625
2 0.40338541666666666 0.042708333333333334 0.030729166666666665 0.08333333333333333
2 0.9872395833333333 0.5098958333333333 0.024479166666666666 0.05520833333333333
6 0.00859375 0.5643229166666667 0.0140625 0.021354166666666667
2 0.026041666666666668 0.5671875 0.05 0.08619791666666667
2 0.4708333333333333 0.8838541666666667 0.034375 0.09895833333333333
2 0.51484375 0.90234375 0.0328125 0.06197916666666667
0 0.5109375 0.91796875 0.010416666666666666 0.017708333333333333
0 0.47239583333333335 0.9213541666666667 0.010416666666666666 0.023958333333333335