6 0.5768229166666666 0.309375 0.0109375 0.026041666666666668
2 0.5841145833333333 0.30963541666666666 0.043229166666666666 0.07864583333333333
0 0.5020833333333333 0.3653645833333333 0.010416666666666666 0.017708333333333333
2 0.5286458333333334 0.37083333333333335 0.071875 0.0546875
6 0.6247395833333333 0.41953125 0.0109375 0.0203125
2 0.6322916666666667 0.42213541666666665 0.0625 0.06666666666666667
6 0.5799479166666667 0.46953125 0.0109375 0.018489583333333334
2 0.5942708333333333 0.47265625 0.04375 0.065625
0 0.6401041666666667 0.49453125 0.015625 0.023958333333333335
2 0.6458333333333334 0.5013020833333334 0.051041666666666666 0.07135416666666666
2 0.70234375 0.52734375 0.0578125 0.08046875
6 0.7078125 0.5440104166666667 0.010416666666666666 0.01953125
2 0.8119791666666667 0.8596354166666667 0.08229166666666667 0.065625
0 0.8393229166666667 0.8697916666666666 0.0109375 0.017708333333333333