5 0.6307291666666667 0.15963541666666667 0.08958333333333333 0.1046875
2 0.69609375 0.17552083333333332 0.06927083333333334 0.13984375
0 0.6596354166666667 0.19270833333333334 0.011979166666666667 0.0203125
6 0.7247395833333333 0.20546875 0.0140625 0.026041666666666668
2 0.5723958333333333 0.39114583333333336 0.08020833333333334 0.058333333333333334
2 0.4817708333333333 0.46067708333333335 0.08958333333333333 0.0546875
6 0.5143229166666666 0.46770833333333334 0.0109375 0.0203125
2 0.6205729166666667 0.4744791666666667 0.06302083333333333 0.06015625
3 0.6877604166666667 0.5052083333333334 0.07552083333333333 0.07682291666666667
6 0.58828125 0.5364583333333334 0.0109375 0.023177083333333334
3 0.7234375 0.540625 0.052083333333333336 0.05182291666666667
0 0.73828125 0.5513020833333333 0.008854166666666666 0.021354166666666667
2 0.5580729166666667 0.5546875 0.06822916666666666 0.08697916666666666
3 0.6747395833333333 0.5690104166666666 0.03697916666666667 0.125
0 0.6263020833333334 0.5934895833333333 0.0078125 0.018489583333333334
3 0.6018229166666667 0.61015625 0.06614583333333333 0.06848958333333334
0 0.7627604166666667 0.634375 0.011979166666666667 0.023958333333333335
5 0.7471354166666667 0.64765625 0.07760416666666667 0.10833333333333334
5 0.41770833333333335 0.6552083333333333 0.07708333333333334 0.051041666666666666
0 0.4510416666666667 0.65703125 0.010416666666666666 0.021354166666666667