0 0.34375 0.20729166666666668 0.019791666666666666 0.040625
2 0.3880208333333333 0.21380208333333334 0.16145833333333334 0.1
6 0.26796875 0.26614583333333336 0.018229166666666668 0.041666666666666664
2 0.31302083333333336 0.28619791666666666 0.14270833333333333 0.12213541666666666
2 0.4440104166666667 0.3572916666666667 0.08177083333333333 0.090625
0 0.3143229166666667 0.371875 0.015104166666666667 0.03619791666666667
0 0.4278645833333333 0.37213541666666666 0.0171875 0.03333333333333333
3 0.31666666666666665 0.3796875 0.041666666666666664 0.090625
2 0.5260416666666666 0.40651041666666665 0.11458333333333333 0.12786458333333334
3 0.29661458333333335 0.4322916666666667 0.07760416666666667 0.16666666666666666
3 0.22239583333333332 0.4434895833333333 0.08645833333333333 0.16119791666666666
6 0.47734375 0.4453125 0.0140625 0.031510416666666666
0 0.246875 0.4947916666666667 0.022916666666666665 0.03984375
6 0.32890625 0.6786458333333333 0.0203125 0.027864583333333335
2 0.37421875 0.703125 0.15677083333333333 0.134375
0 0.653125 0.7578125 0.015625 0.03229166666666667
0 0.24192708333333332 0.7736979166666667 0.015104166666666667 0.041666666666666664
5 0.6880208333333333 0.7739583333333333 0.13229166666666667 0.20364583333333333
5 0.2721354166666667 0.8013020833333333 0.10260416666666666 0.14166666666666666
6 0.33307291666666666 0.8114583333333333 0.0171875 0.041666666666666664
2 0.38723958333333336 0.8255208333333334 0.1328125 0.14713541666666666