2 0.23307291666666666 0.9572916666666667 0.030729166666666665 0.057291666666666664
0 0.22760416666666666 0.9684895833333333 0.0125 0.022135416666666668
0 0.012239583333333333 0.35546875 0.013020833333333334 0.022135416666666668
0 0.23932291666666666 0.3684895833333333 0.011979166666666667 0.016666666666666666
2 0.027864583333333335 0.36953125 0.0515625 0.05364583333333333
2 0.2109375 0.37916666666666665 0.11979166666666667 0.051041666666666666
2 0.31197916666666664 0.4 0.10104166666666667 0.061197916666666664
6 0.33645833333333336 0.4153645833333333 0.0125 0.021354166666666667
6 0.49453125 0.4166666666666667 0.0109375 0.0203125
2 0.46927083333333336 0.42135416666666664 0.10520833333333333 0.04635416666666667
2 0.38776041666666666 0.47369791666666666 0.07864583333333333 0.05651041666666667
6 0.42109375 0.484375 0.0109375 0.016666666666666666
2 0.015885416666666666 0.49166666666666664 0.03177083333333333 0.057291666666666664
6 0.46901041666666665 0.509375 0.0109375 0.0203125
2 0.44192708333333336 0.5153645833333333 0.11302083333333333 0.05286458333333333
2 0.3572916666666667 0.5578125 0.10104166666666667 0.03984375
6 0.384375 0.5588541666666667 0.011458333333333333 0.017708333333333333
2 0.021614583333333333 0.56796875 0.043229166666666666 0.05651041666666667
6 0.5229166666666667 0.5739583333333333 0.010416666666666666 0.022135416666666668
2 0.49375 0.5786458333333333 0.096875 0.05
2 0.35390625 0.7221354166666667 0.1078125 0.061197916666666664
6 0.38307291666666665 0.7380208333333333 0.0109375 0.018489583333333334