0 0.2890625 0.21354166666666666 0.011458333333333333 0.017708333333333333
6 0.45651041666666664 0.24401041666666667 0.011979166666666667 0.028645833333333332
2 0.28072916666666664 0.2565104166666667 0.07708333333333334 0.16484375
2 0.4388020833333333 0.25729166666666664 0.0515625 0.06848958333333334
2 0.684375 0.5666666666666667 0.08229166666666667 0.06666666666666667
2 0.61640625 0.5809895833333333 0.1046875 0.06770833333333333
6 0.7171875 0.5856770833333333 0.013541666666666667 0.021354166666666667
6 0.37578125 0.5958333333333333 0.011979166666666667 0.023177083333333334
6 0.6450520833333333 0.5971354166666667 0.0140625 0.0203125
3 0.35 0.6125 0.10625 0.08229166666666667
2 0.48776041666666664 0.7778645833333333 0.0640625 0.08333333333333333
6 0.49973958333333335 0.79765625 0.013020833333333334 0.023177083333333334