2 0.5234375 0.13984375 0.06979166666666667 0.09270833333333334
6 0.5489583333333333 0.15052083333333333 0.014583333333333334 0.03229166666666667
2 0.37890625 0.35 0.11302083333333333 0.08515625
3 0.4510416666666667 0.35963541666666665 0.06666666666666667 0.09713541666666667
0 0.4119791666666667 0.36015625 0.015625 0.026041666666666668
6 0.47890625 0.37734375 0.011979166666666667 0.025
0 0.9807291666666667 0.4203125 0.0375 0.04895833333333333
2 0.8627604166666667 0.47213541666666664 0.08489583333333334 0.10364583333333334
2 0.31354166666666666 0.48515625 0.06979166666666667 0.07395833333333333
2 0.3302083333333333 0.49296875 0.015625 0.025
3 0.40989583333333335 0.5190104166666667 0.11354166666666667 0.09166666666666666
3 0.64921875 0.5231770833333333 0.04114583333333333 0.12604166666666666
0 0.43697916666666664 0.5458333333333333 0.016666666666666666 0.023177083333333334
6 0.64296875 0.546875 0.0109375 0.015625
3 0.559375 0.55234375 0.071875 0.14895833333333333
3 0.7356770833333334 0.5690104166666666 0.08802083333333334 0.07864583333333333
6 0.5846354166666666 0.5875 0.0109375 0.03046875
6 0.7138020833333333 0.596875 0.0109375 0.01953125
3 0.5119791666666667 0.6106770833333334 0.09479166666666666 0.084375
0 0.5325520833333334 0.6268229166666667 0.013020833333333334 0.0203125
0 0.5106770833333333 0.8447916666666667 0.0203125 0.03229166666666667
2 0.5067708333333333 0.8677083333333333 0.035416666666666666 0.09635416666666667