0 0.76171875 0.3177083333333333 0.009895833333333333 0.018489583333333334
6 0.603125 0.33151041666666664 0.0125 0.018489583333333334
2 0.7322916666666667 0.3346354166666667 0.09270833333333334 0.075
2 0.5765625 0.353125 0.08541666666666667 0.09166666666666666
0 0.8588541666666667 0.36614583333333334 0.0125 0.021354166666666667
3 0.8309895833333333 0.37135416666666665 0.08697916666666666 0.0703125
3 0.859375 0.38697916666666665 0.06770833333333333 0.10546875
6 0.6255208333333333 0.42265625 0.009375 0.015625
6 0.8213541666666667 0.4231770833333333 0.009375 0.0203125
2 0.79140625 0.43046875 0.06822916666666666 0.048177083333333336
2 0.5989583333333334 0.440625 0.109375 0.07786458333333333
3 0.7877604166666666 0.44947916666666665 0.0671875 0.065625
6 0.6236979166666666 0.04895833333333333 0.0109375 0.0203125
0 0.6296875 0.5046875 0.0125 0.018489583333333334
2 0.5869791666666667 0.05130208333333333 0.096875 0.08229166666666667
2 0.6046875 0.5231770833333333 0.1 0.08151041666666667
6 0.7192708333333333 0.5338541666666666 0.011458333333333333 0.023177083333333334
6 0.8184895833333333 0.53515625 0.0109375 0.018489583333333334
2 0.7921875 0.5375 0.10625 0.06770833333333333
2 0.6895833333333333 0.54453125 0.0875 0.08697916666666666
0 0.6065104166666667 0.6208333333333333 0.013020833333333334 0.01953125
2 0.57578125 0.6268229166666667 0.0921875 0.06302083333333333
6 0.63125 0.63203125 0.0125 0.021354166666666667
2 0.6216145833333333 0.6494791666666667 0.09010416666666667 0.08046875
2 0.515625 0.67265625 0.08854166666666667 0.12317708333333334
0 0.53671875 0.6921875 0.0109375 0.023177083333333334
2 0.5736979166666667 0.8911458333333333 0.034895833333333334 0.05651041666666667
0 0.5815104166666667 0.9018229166666667 0.011979166666666667 0.022135416666666668