6 0.11380208333333333 0.9260416666666667 0.0265625 0.03697916666666667
2 0.08203125 0.9346354166666667 0.1640625 0.07864583333333333
2 0.1328125 0.9872395833333333 0.051041666666666666 0.024479166666666666
0 0.303125 0.37395833333333334 0.015625 0.03697916666666667
5 0.23541666666666666 0.39479166666666665 0.15625 0.10833333333333334
6 0.24895833333333334 0.5744791666666667 0.020833333333333332 0.03802083333333333
2 0.203125 0.59296875 0.18125 0.0953125
2 0.43307291666666664 0.659375 0.08802083333333334 0.07604166666666666
0 0.153125 0.6731770833333334 0.020833333333333332 0.0296875
6 0.44895833333333335 0.678125 0.016666666666666666 0.028645833333333332
2 0.10130208333333333 0.6903645833333333 0.15572916666666667 0.10651041666666666
2 0.4421875 0.7393229166666667 0.10416666666666667 0.15833333333333333
0 0.3138020833333333 0.7486979166666666 0.021354166666666667 0.03046875
0 0.48098958333333336 0.7611979166666667 0.021354166666666667 0.0296875
2 0.2643229166666667 0.7666666666666667 0.15989583333333332 0.11848958333333333
6 0.09583333333333334 0.8213541666666667 0.023958333333333335 0.03333333333333333
2 0.06744791666666666 0.85 0.13489583333333333 0.13880208333333333