2 0.05546875 0.92734375 0.1109375 0.084375
2 0.05703125 0.98125 0.1140625 0.036458333333333336
5 0.17838541666666666 0.39036458333333335 0.1515625 0.07317708333333334
0 0.24427083333333333 0.40182291666666664 0.017708333333333333 0.03515625
6 0.2078125 0.5536458333333333 0.01875 0.0296875
2 0.15442708333333333 0.5638020833333334 0.1671875 0.11302083333333333
2 0.30364583333333334 0.66015625 0.08020833333333334 0.14817708333333332
6 0.3111979166666667 0.7111979166666667 0.018229166666666668 0.0296875
2 0.08125 0.7166666666666667 0.12083333333333333 0.140625
0 0.13307291666666668 0.7184895833333333 0.0171875 0.0296875
0 0.3111979166666667 0.7638020833333333 0.0203125 0.03333333333333333
2 0.26458333333333334 0.7713541666666667 0.153125 0.11119791666666666
2 0.020833333333333332 0.8161458333333333 0.03958333333333333 0.08802083333333334
2 0.3690104166666667 0.8166666666666667 0.0640625 0.18697916666666667
6 0.02421875 0.8328125 0.019270833333333334 0.03229166666666667
0 0.37057291666666664 0.8666666666666667 0.018229166666666668 0.0296875