3 0.8505208333333333 0.10703125 0.03333333333333333 0.07135416666666666
3 0.6854166666666667 0.10729166666666666 0.036458333333333336 0.13515625
2 0.7502604166666667 0.11302083333333333 0.12135416666666667 0.12213541666666666
6 0.71484375 0.13645833333333332 0.0140625 0.025
0 0.7255208333333333 0.18229166666666666 0.010416666666666666 0.022135416666666668
3 0.8546875 0.1828125 0.040625 0.13619791666666667
3 0.73984375 0.24036458333333333 0.06197916666666667 0.14348958333333334
2 0.7479166666666667 0.027864583333333335 0.041666666666666664 0.05546875
0 0.75625 0.027864583333333335 0.0125 0.026041666666666668
3 0.8393229166666667 0.034895833333333334 0.0453125 0.06979166666666667
5 0.6796875 0.4 0.07083333333333333 0.08697916666666666
0 0.67734375 0.41302083333333334 0.0140625 0.023958333333333335
5 0.9856770833333334 0.41744791666666664 0.027604166666666666 0.11614583333333334
0 0.9833333333333333 0.43984375 0.014583333333333334 0.0296875