2 0.24583333333333332 0.09296875 0.05416666666666667 0.075
0 0.25078125 0.096875 0.0109375 0.01953125
6 0.6122395833333333 0.10364583333333334 0.008854166666666666 0.016666666666666666
2 0.6190104166666667 0.11380208333333333 0.04635416666666667 0.05182291666666667
2 0.5796875 0.1296875 0.0375 0.07395833333333333
6 0.5869791666666667 0.13619791666666667 0.010416666666666666 0.01484375
0 0.25807291666666665 0.13854166666666667 0.008854166666666666 0.015625
6 0.6127604166666667 0.14453125 0.009895833333333333 0.01484375
2 0.25416666666666665 0.14713541666666666 0.053125 0.05546875
2 0.6127604166666667 0.15885416666666666 0.030729166666666665 0.058333333333333334
3 0.53671875 0.2875 0.08802083333333334 0.04895833333333333
6 0.5106770833333333 0.2921875 0.013020833333333334 0.01953125
6 0.5640625 0.3268229166666667 0.010416666666666666 0.0203125
2 0.57890625 0.3338541666666667 0.04114583333333333 0.03984375
0 0.4510416666666667 0.38645833333333335 0.009375 0.015625
0 0.6325520833333333 0.39947916666666666 0.008854166666666666 0.017708333333333333
2 0.6552083333333333 0.4010416666666667 0.096875 0.05
2 0.5627604166666667 0.40598958333333335 0.08072916666666667 0.07864583333333333
3 0.47421875 0.40598958333333335 0.058854166666666666 0.08984375
0 0.5302083333333333 0.41067708333333336 0.008333333333333333 0.017708333333333333
6 0.640625 0.4361979166666667 0.008333333333333333 0.016666666666666666
2 0.6692708333333334 0.44947916666666665 0.10416666666666667 0.06380208333333333
0 0.51015625 0.471875 0.0109375 0.01953125
2 0.5419270833333333 0.48385416666666664 0.07552083333333333 0.06770833333333333
2 0.4635416666666667 0.48802083333333335 0.042708333333333334 0.05182291666666667