0 0.9294270833333333 0.5106770833333333 0.013020833333333334 0.026822916666666665
2 0.9231770833333334 0.5114583333333333 0.049479166666666664 0.07864583333333333
6 0.5372395833333333 0.6171875 0.011979166666666667 0.025
2 0.5364583333333334 0.62265625 0.03229166666666667 0.08046875
2 0.8442708333333333 0.6239583333333333 0.042708333333333334 0.07604166666666666
6 0.8549479166666667 0.6278645833333333 0.013020833333333334 0.026041666666666668
6 0.6713541666666667 0.628125 0.010416666666666666 0.023177083333333334
2 0.6627604166666666 0.6286458333333333 0.03697916666666667 0.061197916666666664
2 0.7830729166666667 0.6447916666666667 0.06822916666666666 0.13802083333333334
0 0.4244791666666667 0.6653645833333334 0.013541666666666667 0.023177083333333334
2 0.40729166666666666 0.6661458333333333 0.08125 0.10833333333333334
6 0.7614583333333333 0.68046875 0.0125 0.026041666666666668
2 0.5541666666666667 0.6846354166666667 0.041666666666666664 0.06197916666666667
2 0.65625 0.6885416666666667 0.035416666666666666 0.065625
6 0.5567708333333333 0.6981770833333333 0.013541666666666667 0.0296875
2 0.47890625 0.6986979166666667 0.044270833333333336 0.07682291666666667
6 0.6638020833333333 0.703125 0.013020833333333334 0.023177083333333334
0 0.4747395833333333 0.7096354166666666 0.016145833333333335 0.015625
6 0.7359375 0.7106770833333333 0.014583333333333334 0.026822916666666665
6 0.6096354166666667 0.7119791666666667 0.015104166666666667 0.027864583333333335
2 0.7315104166666667 0.7138020833333333 0.03697916666666667 0.08880208333333334
2 0.6106770833333334 0.7403645833333333 0.033854166666666664 0.09713541666666667
2 0.5684895833333333 0.7427083333333333 0.0390625 0.06848958333333334
0 0.5700520833333333 0.7572916666666667 0.0140625 0.03333333333333333
2 0.5252604166666667 0.7596354166666667 0.03802083333333333 0.084375
0 0.5276041666666667 0.7736979166666667 0.010416666666666666 0.023177083333333334
2 0.49244791666666665 0.9119791666666667 0.0890625 0.06848958333333334
0 0.5260416666666666 0.9231770833333334 0.011458333333333333 0.023958333333333335