3 0.6802083333333333 0.9421875 0.06666666666666667 0.07135416666666666
6 0.9203125 0.9427083333333334 0.0125 0.018489583333333334
2 0.9333333333333333 0.9463541666666667 0.06979166666666667 0.07604166666666666
0 0.6588541666666666 0.94765625 0.010416666666666666 0.013802083333333333
2 0.7651041666666667 0.11848958333333333 0.103125 0.05546875
6 0.7950520833333333 0.121875 0.013020833333333334 0.023177083333333334
0 0.20729166666666668 0.24270833333333333 0.0125 0.026041666666666668
2 0.19166666666666668 0.24583333333333332 0.05520833333333333 0.09348958333333333
3 0.7770833333333333 0.3338541666666667 0.051041666666666666 0.0546875
3 0.8359375 0.36770833333333336 0.09166666666666666 0.07395833333333333
3 0.8489583333333334 0.3875 0.04583333333333333 0.07135416666666666
0 0.69375 0.409375 0.014583333333333334 0.023958333333333335
2 0.6677083333333333 0.41953125 0.109375 0.08151041666666667
3 0.8380208333333333 0.434375 0.09791666666666667 0.059375
0 0.86796875 0.43984375 0.013020833333333334 0.022135416666666668
2 0.7372395833333333 0.47213541666666664 0.0859375 0.08697916666666666
6 0.8067708333333333 0.5536458333333333 0.0125 0.022135416666666668
2 0.7760416666666666 0.5635416666666667 0.09479166666666666 0.058333333333333334
6 0.7197916666666667 0.6744791666666666 0.010416666666666666 0.023177083333333334
2 0.6932291666666667 0.6755208333333333 0.10520833333333333 0.09713541666666667