5 0.70234375 0.9283854166666666 0.08802083333333334 0.1421875
5 0.640625 0.1078125 0.08854166666666667 0.21197916666666666
2 0.36953125 0.1546875 0.1484375 0.21848958333333332
2 0.42682291666666666 0.2 0.05677083333333333 0.07786458333333333
0 0.409375 0.21901041666666668 0.019791666666666666 0.034375
2 0.528125 0.240625 0.096875 0.08151041666666667
6 0.49453125 0.24713541666666666 0.021354166666666667 0.040625
6 0.39348958333333334 0.37135416666666665 0.019270833333333334 0.03333333333333333
3 0.6096354166666667 0.37213541666666666 0.050520833333333334 0.14635416666666667
0 0.53203125 0.434375 0.0171875 0.03515625
6 0.44609375 0.44583333333333336 0.0171875 0.04348958333333333
3 0.3953125 0.4518229166666667 0.07916666666666666 0.21302083333333333
2 0.44583333333333336 0.48515625 0.078125 0.13515625
2 0.5520833333333334 0.5286458333333334 0.06145833333333333 0.25729166666666664
6 0.7153645833333333 0.55234375 0.0234375 0.03619791666666667
2 0.74921875 0.6078125 0.17447916666666666 0.175
0 0.6299479166666667 0.06354166666666666 0.022395833333333334 0.03984375
0 0.5317708333333333 0.7778645833333333 0.017708333333333333 0.03333333333333333
6 0.39765625 0.0796875 0.022395833333333334 0.03333333333333333
2 0.5098958333333333 0.8278645833333333 0.14479166666666668 0.24817708333333333
0 0.6911458333333333 0.8721354166666667 0.023958333333333335 0.03515625