2 0.515625 0.98046875 0.040625 0.038802083333333334
0 0.3770833333333333 0.2565104166666667 0.014583333333333334 0.031510416666666666
5 0.3731770833333333 0.32395833333333335 0.0421875 0.18515625
6 0.3763020833333333 0.034375 0.0109375 0.03333333333333333
2 0.38255208333333335 0.04114583333333333 0.030729166666666665 0.08229166666666667
2 0.8760416666666667 0.40729166666666666 0.12083333333333333 0.06484375
6 0.8453125 0.41380208333333335 0.016666666666666666 0.027864583333333335
2 0.8924479166666667 0.46145833333333336 0.1203125 0.058333333333333334
6 0.8690104166666667 0.4666666666666667 0.015104166666666667 0.026041666666666668
2 0.9473958333333333 0.5388020833333333 0.08229166666666667 0.057291666666666664
6 0.9369791666666667 0.5411458333333333 0.013541666666666667 0.01953125
0 0.007552083333333333 0.6083333333333333 0.009895833333333333 0.018489583333333334
2 0.026302083333333334 0.6083333333333333 0.05260416666666667 0.027864583333333335