2 0.5666666666666667 0.0203125 0.07083333333333333 0.040625
0 0.2520833333333333 0.30130208333333336 0.013541666666666667 0.03046875
6 0.3731770833333333 0.30364583333333334 0.0171875 0.031510416666666666
2 0.2955729166666667 0.31666666666666665 0.1015625 0.08880208333333334
2 0.40286458333333336 0.3302083333333333 0.1234375 0.115625
2 0.4234375 0.3572916666666667 0.0625 0.08880208333333334
0 0.40546875 0.3684895833333333 0.0171875 0.031510416666666666
2 0.3893229166666667 0.39895833333333336 0.14739583333333334 0.057291666666666664
6 0.34817708333333336 0.40234375 0.016145833333333335 0.03229166666666667
3 0.24192708333333332 0.4921875 0.11614583333333334 0.21015625
3 0.3609375 0.5166666666666667 0.0875 0.14270833333333333
5 0.30520833333333336 0.5671875 0.06458333333333334 0.18619791666666666
0 0.578125 0.5903645833333333 0.015625 0.026822916666666665
5 0.6135416666666667 0.6143229166666667 0.10625 0.20286458333333332
6 0.28932291666666665 0.6143229166666667 0.016145833333333335 0.01953125
2 0.2671875 0.06484375 0.13229166666666667 0.12604166666666666
6 0.21302083333333333 0.06848958333333334 0.016666666666666666 0.031510416666666666
5 0.27239583333333334 0.7161458333333334 0.11458333333333333 0.08619791666666667
0 0.22265625 0.7447916666666666 0.015104166666666667 0.028645833333333332