6 0.60390625 0.19713541666666667 0.019270833333333334 0.038802083333333334
2 0.5609375 0.20885416666666667 0.11875 0.115625
0 0.7067708333333333 0.4739583333333333 0.017708333333333333 0.031510416666666666
6 0.7440104166666667 0.5065104166666666 0.015104166666666667 0.0296875
3 0.6604166666666667 0.5184895833333333 0.11145833333333334 0.11848958333333333
0 0.47734375 0.5190104166666667 0.018229166666666668 0.03619791666666667
6 0.5604166666666667 0.5239583333333333 0.014583333333333334 0.03333333333333333
2 0.5458333333333333 0.5643229166666667 0.04479166666666667 0.11770833333333333
2 0.4557291666666667 0.5684895833333333 0.11666666666666667 0.240625
0 0.6466145833333333 0.5755208333333334 0.018229166666666668 0.025
3 0.7309895833333333 0.5768229166666666 0.04635416666666667 0.24453125
3 0.6130208333333333 0.6171875 0.08541666666666667 0.10651041666666666
3 0.66328125 0.6903645833333333 0.06822916666666666 0.11015625
3 0.6432291666666666 0.7971354166666667 0.10208333333333333 0.09635416666666667
6 0.46432291666666664 0.8125 0.018229166666666668 0.03046875
2 0.4622395833333333 0.86796875 0.0609375 0.2638020833333333
0 0.28828125 0.8703125 0.015104166666666667 0.026041666666666668
0 0.93359375 0.8822916666666667 0.015104166666666667 0.03333333333333333
5 0.8653645833333333 0.90859375 0.1546875 0.18177083333333333
5 0.271875 0.9197916666666667 0.10208333333333333 0.16015625