2 0.5984375 0.11354166666666667 0.040625 0.034375
6 0.6015625 0.11536458333333334 0.0125 0.015625
2 0.5661458333333333 0.14401041666666667 0.028125 0.03619791666666667
0 0.2515625 0.14479166666666668 0.008333333333333333 0.017708333333333333
6 0.5723958333333333 0.14635416666666667 0.011458333333333333 0.01484375
6 0.5958333333333333 0.15 0.011458333333333333 0.016666666666666666
2 0.5963541666666666 0.15286458333333333 0.025 0.042708333333333334
3 0.2643229166666667 0.15546875 0.0296875 0.05364583333333333
0 0.17057291666666666 0.44947916666666665 0.009895833333333333 0.013802083333333333
2 0.14921875 0.45546875 0.0859375 0.06302083333333333
2 0.72578125 0.4947916666666667 0.08072916666666667 0.03984375
6 0.7078125 0.5010416666666667 0.010416666666666666 0.013020833333333334
2 0.8158854166666667 0.52265625 0.10052083333333334 0.0546875
3 0.11484375 0.5291666666666667 0.0234375 0.03802083333333333
2 0.19401041666666666 0.5356770833333333 0.09010416666666667 0.051041666666666666
0 0.21588541666666666 0.5375 0.008854166666666666 0.017708333333333333
6 0.671875 0.55546875 0.009375 0.01484375
2 0.6958333333333333 0.5572916666666666 0.0875 0.04453125
2 0.16354166666666667 0.6088541666666667 0.07916666666666666 0.065625
0 0.6916666666666667 0.6119791666666666 0.010416666666666666 0.0203125
2 0.71875 0.6135416666666667 0.09895833333333333 0.051041666666666666
0 0.184375 0.6221354166666667 0.011458333333333333 0.018489583333333334