0 0.4578125 0.15651041666666668 0.015625 0.03697916666666667
5 0.4622395833333333 0.16666666666666666 0.0828125 0.140625
2 0.5075520833333333 0.28229166666666666 0.1203125 0.15729166666666666
6 0.55546875 0.30416666666666664 0.016145833333333335 0.03046875
6 0.3515625 0.3263020833333333 0.015625 0.03046875
2 0.35520833333333335 0.3333333333333333 0.034375 0.06666666666666667
0 0.36380208333333336 0.41380208333333335 0.018229166666666668 0.031510416666666666
2 0.31640625 0.4309895833333333 0.13072916666666667 0.10833333333333334
2 0.2015625 0.47369791666666666 0.07083333333333333 0.12135416666666667
2 0.32005208333333335 0.5065104166666666 0.09114583333333333 0.08333333333333333
6 0.19296875 0.5190104166666667 0.021354166666666667 0.026822916666666665
0 0.3375 0.5286458333333334 0.017708333333333333 0.03333333333333333
6 0.3028645833333333 0.5416666666666666 0.0140625 0.023958333333333335
2 0.4276041666666667 0.56953125 0.09895833333333333 0.1296875
2 0.29921875 0.615625 0.0703125 0.17604166666666668
0 0.61171875 0.7018229166666666 0.016145833333333335 0.031510416666666666
5 0.63046875 0.7921875 0.0765625 0.21770833333333334
5 0.03203125 0.9111979166666667 0.06302083333333333 0.0796875
0 0.054947916666666666 0.9166666666666666 0.0171875 0.0296875