2 0.7106770833333333 0.016666666666666666 0.07135416666666666 0.03333333333333333
3 0.75 0.21614583333333334 0.041666666666666664 0.175
2 0.5729166666666666 0.27734375 0.04583333333333333 0.10286458333333333
2 0.7075520833333333 0.30182291666666666 0.049479166666666664 0.109375
0 0.5658854166666667 0.3138020833333333 0.009895833333333333 0.01484375
2 0.49140625 0.3263020833333333 0.08385416666666666 0.134375
2 0.67734375 0.36666666666666664 0.07239583333333334 0.11666666666666667
6 0.5252604166666667 0.37734375 0.0109375 0.013802083333333333
6 0.6973958333333333 0.40651041666666665 0.014583333333333334 0.026041666666666668
3 0.5893229166666667 0.45598958333333334 0.06822916666666666 0.09713541666666667
2 0.5526041666666667 0.04869791666666667 0.036458333333333336 0.065625
0 0.6015625 0.48802083333333335 0.013541666666666667 0.023958333333333335
6 0.5625 0.05364583333333333 0.010416666666666666 0.027864583333333335
5 0.8955729166666667 0.6856770833333333 0.11302083333333333 0.11380208333333333
0 0.8638020833333333 0.6927083333333334 0.0140625 0.022135416666666668
0 0.5596354166666667 0.7213541666666666 0.0140625 0.023958333333333335
2 0.5802083333333333 0.7721354166666666 0.05625 0.13333333333333333