3 0.030208333333333334 0.940625 0.059375 0.04635416666666667
3 0.51875 0.24296875 0.075 0.11015625
3 0.49192708333333335 0.24479166666666666 0.034895833333333334 0.115625
0 0.34375 0.27447916666666666 0.010416666666666666 0.015625
5 0.3338541666666667 0.2755208333333333 0.03229166666666667 0.05651041666666667
0 0.5010416666666667 0.28098958333333335 0.0125 0.01953125
3 0.46953125 0.3106770833333333 0.058854166666666666 0.07135416666666666
0 0.4921875 0.3171875 0.010416666666666666 0.021354166666666667
3 0.43802083333333336 0.3177083333333333 0.03333333333333333 0.1
0 0.35651041666666666 0.33932291666666664 0.0109375 0.01953125
0 0.43802083333333336 0.34479166666666666 0.010416666666666666 0.021354166666666667
6 0.39765625 0.3494791666666667 0.011979166666666667 0.01953125
2 0.35703125 0.3572916666666667 0.021354166666666667 0.06848958333333334
2 0.390625 0.36302083333333335 0.035416666666666666 0.057291666666666664
2 0.47239583333333335 0.39348958333333334 0.042708333333333334 0.06484375
6 0.471875 0.403125 0.009375 0.01953125
5 0.54453125 0.8106770833333333 0.04010416666666667 0.058333333333333334
6 0.5505208333333333 0.8143229166666667 0.009375 0.01953125