0 0.68671875 0.45546875 0.024479166666666666 0.038802083333333334
2 0.6588541666666666 0.45598958333333334 0.14270833333333333 0.075
6 0.59609375 0.5143229166666666 0.016145833333333335 0.03619791666666667
2 0.5653645833333333 0.5463541666666667 0.14635416666666667 0.12604166666666666
3 0.659375 0.5671875 0.07916666666666666 0.1953125
0 0.7854166666666667 0.6447916666666667 0.019791666666666666 0.026822916666666665
5 0.35859375 0.6630208333333333 0.09739583333333333 0.08515625
0 0.32057291666666665 0.6815104166666667 0.016145833333333335 0.0296875
3 0.7473958333333334 0.69453125 0.12083333333333333 0.15729166666666666
3 0.5161458333333333 0.7018229166666666 0.0625 0.12786458333333334
0 0.915625 0.721875 0.016666666666666666 0.026822916666666665
0 0.7453125 0.7481770833333333 0.014583333333333334 0.027864583333333335
5 0.8580729166666666 0.7559895833333333 0.17552083333333332 0.13229166666666667
6 0.5872395833333334 0.7635416666666667 0.019270833333333334 0.034375
2 0.6822916666666666 0.7736979166666667 0.14270833333333333 0.10833333333333334
2 0.565625 0.778125 0.128125 0.10104166666666667