5 0.32526041666666666 0.1703125 0.0328125 0.11848958333333333
0 0.315625 0.21197916666666666 0.014583333333333334 0.023958333333333335
3 0.2955729166666667 0.328125 0.04635416666666667 0.0453125
3 0.1828125 0.33098958333333334 0.07083333333333333 0.03984375
3 0.36380208333333336 0.3953125 0.028645833333333332 0.06848958333333334
2 0.4588541666666667 0.4231770833333333 0.10208333333333333 0.05182291666666667
3 0.3 0.425 0.04375 0.05546875
6 0.42864583333333334 0.43020833333333336 0.008333333333333333 0.013802083333333333
3 0.3346354166666667 0.4375 0.0515625 0.0453125
2 0.14895833333333333 0.44296875 0.078125 0.05286458333333333
3 0.3953125 0.5083333333333333 0.06666666666666667 0.048177083333333336
0 0.31640625 0.640625 0.009895833333333333 0.0203125
5 0.3419270833333333 0.6552083333333333 0.0703125 0.04895833333333333
0 0.42916666666666664 0.7309895833333333 0.010416666666666666 0.015625
5 0.43125 0.7591145833333334 0.052083333333333336 0.075