6 0.5075520833333333 0.23619791666666667 0.011979166666666667 0.0203125
2 0.5091145833333334 0.23932291666666666 0.030729166666666665 0.0453125
0 0.0859375 0.2421875 0.008333333333333333 0.021354166666666667
2 0.09453125 0.246875 0.027604166666666666 0.05651041666666667
2 0.08697916666666666 0.4739583333333333 0.10729166666666666 0.05
2 0.9463541666666667 0.4822916666666667 0.090625 0.07213541666666666
6 0.9106770833333333 0.5010416666666667 0.011979166666666667 0.027864583333333335
2 0.13229166666666667 0.5385416666666667 0.09895833333333333 0.06197916666666667
6 0.84375 0.5481770833333334 0.011458333333333333 0.0203125
2 0.8731770833333333 0.55 0.11510416666666666 0.048177083333333336
0 0.17161458333333332 0.5536458333333333 0.011979166666666667 0.022135416666666668
0 0.09375 0.63515625 0.0125 0.0203125
2 0.9213541666666667 0.6364583333333333 0.1125 0.0453125
6 0.8911458333333333 0.6375 0.015625 0.026822916666666665
2 0.06875 0.6416666666666667 0.10729166666666666 0.0703125
2 0.4901041666666667 0.8013020833333333 0.05520833333333333 0.06770833333333333
6 0.48802083333333335 0.8161458333333333 0.017708333333333333 0.023177083333333334