2 0.35911458333333335 0.1296875 0.09947916666666666 0.22395833333333334
0 0.4859375 0.265625 0.017708333333333333 0.031510416666666666
3 0.14427083333333332 0.27317708333333335 0.10416666666666667 0.1296875
2 0.27265625 0.2791666666666667 0.14322916666666666 0.11197916666666667
0 0.21848958333333332 0.296875 0.0171875 0.03046875
2 0.45234375 0.2989583333333333 0.09947916666666666 0.109375
6 0.3671875 0.315625 0.019791666666666666 0.038802083333333334
2 0.27239583333333334 0.3528645833333333 0.165625 0.11848958333333333
3 0.3609375 0.3528645833333333 0.06666666666666667 0.17213541666666668
6 0.23203125 0.3684895833333333 0.015104166666666667 0.0296875
0 0.5197916666666667 0.49270833333333336 0.014583333333333334 0.03333333333333333
5 0.5765625 0.49895833333333334 0.16666666666666666 0.13151041666666666
2 0.51015625 0.050520833333333334 0.07552083333333333 0.10104166666666667
5 0.3494791666666667 0.05364583333333333 0.051041666666666666 0.08880208333333334
0 0.017447916666666667 0.6559895833333333 0.0203125 0.028645833333333332
6 0.3463541666666667 0.065625 0.016666666666666666 0.031510416666666666
0 0.38229166666666664 0.06796875 0.01875 0.03229166666666667
5 0.03359375 0.6768229166666667 0.05677083333333333 0.07786458333333333
6 0.5151041666666667 0.06953125 0.017708333333333333 0.031510416666666666