6 0.3580729166666667 0.01015625 0.0140625 0.0203125
0 0.36015625 0.178125 0.015104166666666667 0.028645833333333332
2 0.36302083333333335 0.025 0.034375 0.05
5 0.3606770833333333 0.259375 0.04635416666666667 0.2203125
2 0.8575520833333333 0.39895833333333336 0.13697916666666668 0.07213541666666666
6 0.8182291666666667 0.40234375 0.017708333333333333 0.023177083333333334
2 0.9848958333333333 0.43645833333333334 0.029166666666666667 0.030208333333333334
2 0.8734375 0.46484375 0.159375 0.057291666666666664
6 0.8361979166666667 0.47317708333333336 0.0140625 0.023958333333333335
0 0.030729166666666665 0.48515625 0.017708333333333333 0.027864583333333335
2 0.03802083333333333 0.48854166666666665 0.07291666666666667 0.06015625
2 0.9388020833333334 0.5484375 0.12135416666666667 0.06354166666666666
6 0.9197916666666667 0.5528645833333333 0.015625 0.026041666666666668
0 0.014583333333333334 0.6130208333333333 0.01875 0.0296875
2 0.016927083333333332 0.621875 0.033854166666666664 0.06197916666666667