0 0.709375 0.14166666666666666 0.020833333333333332 0.03333333333333333
5 0.6760416666666667 0.16614583333333333 0.11770833333333333 0.10104166666666667
2 0.5971354166666667 0.26979166666666665 0.1328125 0.08984375
6 0.6458333333333334 0.28020833333333334 0.017708333333333333 0.028645833333333332
0 0.7932291666666667 0.3411458333333333 0.013541666666666667 0.021354166666666667
3 0.7583333333333333 0.3416666666666667 0.1 0.08515625
3 0.8296875 0.41796875 0.07291666666666667 0.13984375
0 0.5973958333333333 0.4375 0.014583333333333334 0.028645833333333332
6 0.6763020833333333 0.4388020833333333 0.0203125 0.027864583333333335
2 0.6677083333333333 0.44817708333333334 0.040625 0.06666666666666667
2 0.5643229166666667 0.484375 0.11822916666666666 0.20546875
2 0.70390625 0.4940104166666667 0.15052083333333333 0.08229166666666667
0 0.7567708333333333 0.5114583333333333 0.015625 0.025
6 0.5997395833333333 0.525 0.015104166666666667 0.026041666666666668
2 0.61953125 0.5427083333333333 0.09322916666666667 0.10182291666666667
6 0.6341145833333334 0.5947916666666667 0.0140625 0.03229166666666667
2 0.6135416666666667 0.6111979166666667 0.07604166666666666 0.08697916666666666
0 0.51796875 0.6403645833333333 0.021354166666666667 0.03619791666666667
2 0.5442708333333334 0.6911458333333333 0.1 0.134375
0 0.9760416666666667 0.8411458333333334 0.022916666666666665 0.03619791666666667
5 0.9377604166666667 0.8721354166666667 0.10677083333333333 0.13151041666666666