0 0.8153645833333333 0.971875 0.0109375 0.023177083333333334
2 0.8109375 0.9739583333333334 0.029166666666666667 0.05182291666666667
2 0.8971354166666666 0.2638020833333333 0.07239583333333334 0.04453125
6 0.9158854166666667 0.26796875 0.013020833333333334 0.03046875
2 0.921875 0.46796875 0.07083333333333333 0.051041666666666666
6 0.9026041666666667 0.4713541666666667 0.013541666666666667 0.016666666666666666
2 0.9575520833333333 0.5244791666666667 0.08385416666666666 0.053125
0 0.98515625 0.5263020833333333 0.0140625 0.021354166666666667
6 0.934375 0.5614583333333333 0.015625 0.021354166666666667
2 0.94296875 0.5643229166666667 0.0859375 0.07135416666666666
2 0.7419270833333333 0.5856770833333333 0.1015625 0.04348958333333333
6 0.7158854166666667 0.590625 0.011979166666666667 0.022135416666666668
2 0.9880208333333333 0.6361979166666667 0.022916666666666665 0.12447916666666667
2 0.7567708333333333 0.6486979166666667 0.06770833333333333 0.06380208333333333
6 0.7669270833333334 0.6643229166666667 0.0140625 0.023177083333333334
2 0.8169270833333333 0.775 0.04635416666666667 0.05182291666666667
0 0.8223958333333333 0.784375 0.010416666666666666 0.022135416666666668