2 0.22135416666666666 0.09453125 0.025 0.05
2 0.61953125 0.103125 0.0203125 0.0453125
6 0.24661458333333333 0.103125 0.0078125 0.013802083333333333
2 0.253125 0.1078125 0.022916666666666665 0.03229166666666667
5 0.6213541666666667 0.10963541666666667 0.008333333333333333 0.021354166666666667
0 0.59609375 0.11197916666666667 0.009895833333333333 0.016666666666666666
2 0.5908854166666667 0.12786458333333334 0.027604166666666666 0.08515625
2 0.7911458333333333 0.36380208333333336 0.10416666666666667 0.08333333333333333
6 0.7651041666666667 0.37786458333333334 0.016666666666666666 0.022135416666666668
6 0.09817708333333333 0.45651041666666664 0.0109375 0.01484375
2 0.08177083333333333 0.4588541666666667 0.08541666666666667 0.03984375
2 0.8450520833333334 0.5041666666666667 0.10260416666666666 0.07135416666666666
6 0.8244791666666667 0.5059895833333333 0.0125 0.025
2 0.09921875 0.5153645833333333 0.09739583333333333 0.05651041666666667
0 0.12135416666666667 0.5213541666666667 0.010416666666666666 0.022135416666666668
2 0.7533854166666667 0.540625 0.07864583333333333 0.042708333333333334
2 0.051041666666666666 0.5635416666666667 0.040625 0.0546875
0 0.06458333333333334 0.5731770833333333 0.008333333333333333 0.016666666666666666
2 0.78203125 0.59453125 0.09322916666666667 0.04453125
6 0.76171875 0.5989583333333334 0.011979166666666667 0.022135416666666668
0 0.09713541666666667 0.6286458333333333 0.015104166666666667 0.018489583333333334
2 0.08125 0.6291666666666667 0.08541666666666667 0.03984375
6 0.60546875 0.07213541666666666 0.0078125 0.013020833333333334
2 0.6057291666666667 0.07447916666666667 0.027083333333333334 0.025
0 0.21536458333333333 0.078125 0.008854166666666666 0.015625