2 0.49505208333333334 0.240625 0.05260416666666667 0.06302083333333333
6 0.503125 0.2596354166666667 0.0125 0.01953125
6 0.3411458333333333 0.4596354166666667 0.017708333333333333 0.023177083333333334
2 0.31354166666666666 0.4630208333333333 0.08854166666666667 0.05546875
2 0.6559895833333333 0.4786458333333333 0.09947916666666666 0.059375
0 0.6296875 0.48020833333333335 0.014583333333333334 0.017708333333333333
2 0.6213541666666667 0.546875 0.09791666666666667 0.047135416666666666
6 0.22213541666666667 0.5739583333333333 0.0171875 0.0296875
2 0.19427083333333334 0.575 0.10520833333333333 0.048177083333333336
3 0.3346354166666667 0.5755208333333334 0.09947916666666666 0.058333333333333334
0 0.8020833333333334 0.5791666666666667 0.013541666666666667 0.01953125
2 0.8307291666666666 0.5796875 0.109375 0.05364583333333333
6 0.390625 0.6361979166666667 0.011458333333333333 0.026041666666666668
2 0.36015625 0.6388020833333333 0.08072916666666667 0.057291666666666664
2 0.6661458333333333 0.6471354166666666 0.084375 0.042708333333333334
6 0.5026041666666666 0.7911458333333333 0.010416666666666666 0.023177083333333334
2 0.5041666666666667 0.84296875 0.03229166666666667 0.12682291666666667
2 0.8184895833333333 0.89453125 0.10260416666666666 0.10182291666666667
0 0.7981770833333334 0.9028645833333333 0.011979166666666667 0.023958333333333335