6 0.8518229166666667 0.9322916666666666 0.009895833333333333 0.0203125
6 0.4778645833333333 0.10182291666666667 0.011979166666666667 0.022135416666666668
2 0.47994791666666664 0.11302083333333333 0.04010416666666667 0.061197916666666664
2 0.018489583333333334 0.37786458333333334 0.03697916666666667 0.040625
2 0.022916666666666665 0.44583333333333336 0.04583333333333333 0.06197916666666667
0 0.005989583333333334 0.44869791666666664 0.011979166666666667 0.01953125
2 0.9924479166666667 0.4544270833333333 0.0140625 0.058854166666666666
6 0.9911458333333333 0.4588541666666667 0.009375 0.017708333333333333
2 0.9609375 0.4703125 0.03958333333333333 0.1203125
6 0.9666666666666667 0.47734375 0.0125 0.01953125
0 0.015625 0.5161458333333333 0.011458333333333333 0.026822916666666665
2 0.028385416666666666 0.5166666666666667 0.05677083333333333 0.061197916666666664
2 0.9822916666666667 0.5424479166666667 0.034375 0.0828125
2 0.47421875 0.7916666666666666 0.04739583333333333 0.05
6 0.4661458333333333 0.8 0.009375 0.026041666666666668
2 0.15130208333333334 0.9013020833333333 0.04010416666666667 0.05651041666666667
0 0.13984375 0.9088541666666666 0.011979166666666667 0.021354166666666667
0 0.42161458333333335 0.9106770833333333 0.009895833333333333 0.017708333333333333
2 0.42734375 0.9135416666666667 0.034895833333333334 0.04348958333333333
2 0.83359375 0.925 0.058854166666666666 0.061197916666666664