6 0.5174479166666667 0.9364583333333333 0.0109375 0.021354166666666667
6 0.5088541666666667 0.30234375 0.010416666666666666 0.01953125
2 0.5278645833333333 0.35104166666666664 0.0828125 0.14817708333333332
3 0.41432291666666665 0.38229166666666664 0.0484375 0.08151041666666667
0 0.5119791666666667 0.3971354166666667 0.011458333333333333 0.022135416666666668
6 0.5916666666666667 0.42630208333333336 0.011458333333333333 0.023177083333333334
2 0.6247395833333333 0.42916666666666664 0.10572916666666667 0.065625
2 0.46953125 0.43515625 0.04010416666666667 0.159375
2 0.5377604166666666 0.43697916666666664 0.09010416666666667 0.14270833333333333
2 0.5921875 0.52734375 0.121875 0.0953125
0 0.5614583333333333 0.5481770833333334 0.010416666666666666 0.022135416666666668
2 0.5114583333333333 0.9239583333333333 0.052083333333333336 0.0703125