2 0.484375 0.22552083333333334 0.019791666666666666 0.03046875
0 0.48671875 0.2328125 0.005729166666666666 0.011979166666666667
3 0.9385416666666667 0.2552083333333333 0.025 0.058333333333333334
2 0.034895833333333334 0.27734375 0.016666666666666666 0.11380208333333333
0 0.03046875 0.3072916666666667 0.0078125 0.011197916666666667
2 0.21588541666666666 0.39453125 0.0265625 0.04453125
2 0.18515625 0.4427083333333333 0.022395833333333334 0.031510416666666666
2 0.22109375 0.44583333333333336 0.0296875 0.03619791666666667
0 0.79375 0.459375 0.007291666666666667 0.01484375
2 0.80390625 0.46197916666666666 0.050520833333333334 0.06484375
0 0.8515625 0.4625 0.009375 0.011979166666666667
2 0.8463541666666666 0.4630208333333333 0.022916666666666665 0.04635416666666667
2 0.22916666666666666 0.4940104166666667 0.022916666666666665 0.05286458333333333
0 0.7984375 0.5106770833333333 0.007291666666666667 0.011979166666666667
2 0.8015625 0.5106770833333333 0.022916666666666665 0.034375
2 0.8513020833333333 0.515625 0.0515625 0.04453125
0 0.846875 0.5221354166666666 0.007291666666666667 0.013020833333333334
6 0.5239583333333333 0.7981770833333334 0.00625 0.013020833333333334
2 0.5408854166666667 0.803125 0.0546875 0.034375
6 0.9260416666666667 0.8375 0.009375 0.023177083333333334
3 0.9505208333333334 0.8513020833333333 0.059375 0.057291666666666664