2 0.3619791666666667 0.015364583333333333 0.01875 0.028645833333333332
0 0.3346354166666667 0.018489583333333334 0.009895833333333333 0.0203125
0 0.30885416666666665 0.190625 0.009375 0.0203125
2 0.2859375 0.1953125 0.08020833333333334 0.06302083333333333
5 0.5059895833333333 0.22083333333333333 0.0734375 0.06380208333333333
2 0.33515625 0.02265625 0.022395833333333334 0.03619791666666667
0 0.47369791666666666 0.22786458333333334 0.009895833333333333 0.0203125
6 0.6125 0.03046875 0.009375 0.016666666666666666
2 0.5997395833333333 0.03697916666666667 0.03697916666666667 0.03333333333333333
2 0.3625 0.3893229166666667 0.05625 0.115625
3 0.5434895833333333 0.43645833333333334 0.06614583333333333 0.09713541666666667
0 0.38177083333333334 0.43645833333333334 0.011458333333333333 0.017708333333333333
6 0.6611979166666667 0.4518229166666667 0.009895833333333333 0.018489583333333334
3 0.30364583333333334 0.4518229166666667 0.06145833333333333 0.15364583333333334
2 0.6846354166666667 0.45416666666666666 0.08489583333333334 0.075
6 0.52421875 0.4666666666666667 0.0109375 0.016666666666666666
0 0.3190104166666667 0.4903645833333333 0.0109375 0.017708333333333333
3 0.5622395833333333 0.5078125 0.06510416666666667 0.125
3 0.446875 0.509375 0.03125 0.16666666666666666
3 0.4825520833333333 0.5255208333333333 0.04010416666666667 0.12864583333333332
6 0.5450520833333333 0.54296875 0.008854166666666666 0.015625
0 0.4510416666666667 0.5458333333333333 0.009375 0.017708333333333333
3 0.4122395833333333 0.55234375 0.04739583333333333 0.11953125
6 0.46979166666666666 0.5635416666666667 0.009375 0.015625
0 0.43020833333333336 0.5833333333333334 0.009375 0.016666666666666666
6 0.6096354166666667 0.06145833333333333 0.0078125 0.017708333333333333
0 0.3606770833333333 0.007291666666666667 0.0109375 0.013020833333333334
0 0.3380208333333333 0.7815104166666667 0.011458333333333333 0.01484375
6 0.4825520833333333 0.7953125 0.008854166666666666 0.016666666666666666
5 0.34661458333333334 0.81484375 0.0421875 0.09817708333333333
5 0.48880208333333336 0.815625 0.0265625 0.07395833333333333
2 0.5994791666666667 0.08385416666666666 0.034375 0.06197916666666667