2 0.75859375 0.98046875 0.043229166666666666 0.038802083333333334
6 0.6078125 0.22083333333333333 0.011458333333333333 0.021354166666666667
2 0.6145833333333334 0.22864583333333333 0.042708333333333334 0.06302083333333333
0 0.753125 0.47369791666666666 0.014583333333333334 0.028645833333333332
3 0.58984375 0.48932291666666666 0.04114583333333333 0.10651041666666666
2 0.76875 0.51484375 0.07708333333333334 0.14817708333333332
3 0.5609375 0.5328125 0.05 0.14348958333333334
6 0.58515625 0.55 0.013020833333333334 0.0296875
2 0.5921875 0.5731770833333333 0.053125 0.090625
6 0.7052083333333333 0.5989583333333334 0.0125 0.023958333333333335
0 0.6328125 0.6322916666666667 0.0125 0.0203125
2 0.7049479166666667 0.6388020833333333 0.04739583333333333 0.209375
2 0.62890625 0.64453125 0.028645833333333332 0.05
0 0.7770833333333333 0.6611979166666667 0.0125 0.016666666666666666
2 0.7760416666666666 0.68203125 0.052083333333333336 0.11770833333333333
6 0.6052083333333333 0.703125 0.0125 0.01953125
2 0.63046875 0.7255208333333333 0.10260416666666666 0.125
6 0.5484375 0.85703125 0.013541666666666667 0.01953125
2 0.5598958333333334 0.8739583333333333 0.052083333333333336 0.1296875