2 0.4791666666666667 0.21302083333333333 0.090625 0.090625
2 0.4703125 0.29270833333333335 0.10416666666666667 0.07786458333333333
6 0.49192708333333335 0.29583333333333334 0.019270833333333334 0.034375
2 0.5997395833333333 0.30546875 0.09010416666666667 0.16484375
0 0.14739583333333334 0.30546875 0.020833333333333332 0.03333333333333333
5 0.12083333333333333 0.3106770833333333 0.10208333333333333 0.13802083333333334
0 0.4315104166666667 0.33203125 0.019270833333333334 0.034375
2 0.6325520833333333 0.3380208333333333 0.13072916666666667 0.13697916666666668
2 0.4049479166666667 0.3489583333333333 0.1015625 0.12213541666666666
5 0.14791666666666667 0.3802083333333333 0.0010416666666666667 0.0046875
6 0.6885416666666667 0.38203125 0.016666666666666666 0.028645833333333332
6 0.30026041666666664 0.50546875 0.018229166666666668 0.03333333333333333
2 0.24635416666666668 0.5208333333333334 0.178125 0.084375
0 0.5533854166666666 0.5346354166666667 0.019270833333333334 0.03229166666666667
3 0.5013020833333334 0.5708333333333333 0.13802083333333334 0.11380208333333333
5 0.7966145833333333 0.5828125 0.10260416666666666 0.20651041666666667
0 0.7927083333333333 0.6322916666666667 0.01875 0.03333333333333333
2 0.06536458333333334 0.67734375 0.13072916666666667 0.265625
6 0.11015625 0.7302083333333333 0.021354166666666667 0.034375
2 0.49947916666666664 0.008854166666666666 0.11979166666666667 0.017708333333333333