6 0.29270833333333335 0.15052083333333333 0.019791666666666666 0.041666666666666664
0 0.45755208333333336 0.1921875 0.016145833333333335 0.028645833333333332
2 0.2552083333333333 0.20286458333333332 0.09375 0.16484375
6 0.17526041666666667 0.23645833333333333 0.0171875 0.04348958333333333
0 0.6302083333333334 0.24348958333333334 0.030208333333333334 0.04453125
2 0.39739583333333334 0.25 0.13854166666666667 0.159375
2 0.5854166666666667 0.30234375 0.11354166666666667 0.175
2 0.13932291666666666 0.30703125 0.09635416666666667 0.19166666666666668
6 0.37890625 0.45416666666666666 0.018229166666666668 0.03229166666666667
3 0.41484375 0.4596354166666667 0.1296875 0.0953125
6 0.16744791666666667 0.484375 0.021354166666666667 0.023958333333333335
2 0.3416666666666667 0.4869791666666667 0.14166666666666666 0.109375
0 0.6291666666666667 0.5096354166666667 0.022916666666666665 0.034375
2 0.1328125 0.5322916666666667 0.10729166666666666 0.140625
5 0.5833333333333334 0.5364583333333334 0.13958333333333334 0.15833333333333333