6 0.58828125 0.10130208333333333 0.0078125 0.015625
2 0.5872395833333334 0.1171875 0.03697916666666667 0.05286458333333333
2 0.47682291666666665 0.22682291666666668 0.0359375 0.10546875
2 0.33255208333333336 0.25833333333333336 0.07447916666666667 0.0703125
0 0.3541666666666667 0.26015625 0.009375 0.016666666666666666
0 0.48359375 0.26145833333333335 0.0078125 0.01953125
0 0.34869791666666666 0.034375 0.0109375 0.0203125
2 0.34765625 0.0421875 0.024479166666666666 0.03802083333333333
2 0.5877604166666667 0.5588541666666667 0.0578125 0.11015625
6 0.5708333333333333 0.5927083333333333 0.008333333333333333 0.016666666666666666
2 0.465625 0.5958333333333333 0.027083333333333334 0.06197916666666667
6 0.4640625 0.6013020833333333 0.009375 0.015625
3 0.4197916666666667 0.6052083333333333 0.04791666666666667 0.09895833333333333
6 0.59765625 0.06614583333333333 0.009895833333333333 0.01953125
2 0.42682291666666666 0.678125 0.0359375 0.06380208333333333
0 0.4309895833333333 0.684375 0.008854166666666666 0.018489583333333334
2 0.590625 0.071875 0.03125 0.03229166666666667
3 0.3958333333333333 0.7278645833333334 0.042708333333333334 0.0796875
0 0.3302083333333333 0.07369791666666667 0.008333333333333333 0.017708333333333333
2 0.3302083333333333 0.07369791666666667 0.014583333333333334 0.058333333333333334
6 0.5057291666666667 0.7606770833333333 0.009375 0.015625
2 0.49765625 0.7677083333333333 0.0265625 0.038802083333333334
2 0.47161458333333334 0.7953125 0.019270833333333334 0.018489583333333334
6 0.4700520833333333 0.7981770833333334 0.008854166666666666 0.013020833333333334
2 0.45416666666666666 0.8046875 0.026041666666666668 0.042708333333333334
0 0.4578125 0.8125 0.008333333333333333 0.015625
5 0.3190104166666667 0.81484375 0.05260416666666667 0.059375
0 0.325 0.8177083333333334 0.009375 0.018489583333333334
5 0.4557291666666667 0.8380208333333333 0.0640625 0.06197916666666667
6 0.48359375 0.8541666666666666 0.0078125 0.01953125