2 0.48541666666666666 0.21302083333333333 0.020833333333333332 0.03697916666666667
0 0.4864583333333333 0.21302083333333333 0.00625 0.011197916666666667
3 0.9796875 0.2518229166666667 0.03958333333333333 0.07864583333333333
2 0.19088541666666667 0.3921875 0.0328125 0.04348958333333333
6 0.1890625 0.39348958333333334 0.007291666666666667 0.013020833333333334
6 0.19166666666666668 0.4440104166666667 0.008333333333333333 0.011979166666666667
2 0.15416666666666667 0.44453125 0.026041666666666668 0.03515625
2 0.19453125 0.44947916666666665 0.03177083333333333 0.047135416666666666
2 0.8330729166666667 0.46145833333333336 0.0515625 0.051041666666666666
0 0.8260416666666667 0.4630208333333333 0.008333333333333333 0.013020833333333334
0 0.8880208333333334 0.4635416666666667 0.009375 0.015625
2 0.8841145833333334 0.46796875 0.0265625 0.058333333333333334
2 0.2015625 0.5013020833333334 0.023958333333333335 0.04895833333333333
6 0.19739583333333333 0.503125 0.009375 0.011979166666666667
0 0.8315104166666667 0.5166666666666667 0.0078125 0.013020833333333334
2 0.82890625 0.5171875 0.0296875 0.03619791666666667
2 0.8861979166666667 0.5302083333333333 0.0640625 0.06015625
0 0.8692708333333333 0.53515625 0.008333333333333333 0.013020833333333334
6 0.50703125 0.8403645833333333 0.0067708333333333336 0.013802083333333333
2 0.5213541666666667 0.8411458333333334 0.06145833333333333 0.034375
6 0.9674479166666666 0.8809895833333333 0.008854166666666666 0.021354166666666667
3 0.98125 0.8846354166666667 0.036458333333333336 0.04010416666666667