5 0.7286458333333333 0.9361979166666666 0.18125 0.09453125
5 0.057291666666666664 0.9385416666666667 0.11458333333333333 0.10833333333333334
0 0.08072916666666667 0.9708333333333333 0.017708333333333333 0.034375
5 0.46796875 0.14765625 0.17864583333333334 0.12682291666666667
0 0.5239583333333333 0.16953125 0.016666666666666666 0.031510416666666666
0 0.43802083333333336 0.41848958333333336 0.021875 0.031510416666666666
2 0.39375 0.43697916666666664 0.17708333333333334 0.09453125
0 0.35390625 0.5166666666666667 0.019270833333333334 0.027864583333333335
2 0.31588541666666664 0.55 0.14635416666666667 0.1
6 0.6888020833333334 0.56953125 0.019270833333333334 0.026041666666666668
0 0.4703125 0.58984375 0.01875 0.031510416666666666
2 0.42604166666666665 0.6 0.159375 0.09453125
3 0.6481770833333333 0.6213541666666667 0.1390625 0.14453125
0 0.6796875 0.621875 0.015625 0.023177083333333334
2 0.63671875 0.6625 0.1140625 0.10651041666666666
6 0.3171875 0.6971354166666667 0.016666666666666666 0.027864583333333335
2 0.27630208333333334 0.72265625 0.14635416666666667 0.12682291666666667
6 0.32786458333333335 0.7893229166666667 0.0171875 0.03046875
2 0.2911458333333333 0.803125 0.1625 0.10833333333333334
6 0.34322916666666664 0.8708333333333333 0.021875 0.03802083333333333
2 0.315625 0.8861979166666667 0.15416666666666667 0.10182291666666667
0 0.234375 0.8869791666666667 0.017708333333333333 0.027864583333333335
2 0.19010416666666666 0.9088541666666666 0.13854166666666667 0.14713541666666666
0 0.77890625 0.91015625 0.019270833333333334 0.03333333333333333