2 0.4317708333333333 0.37135416666666665 0.04375 0.09817708333333333
6 0.4234375 0.4088541666666667 0.010416666666666666 0.017708333333333333
2 0.8932291666666666 0.46197916666666666 0.06770833333333333 0.1
6 0.3963541666666667 0.48333333333333334 0.011458333333333333 0.026041666666666668
2 0.3921875 0.4953125 0.042708333333333334 0.12786458333333334
0 0.8893229166666666 0.49713541666666666 0.016145833333333335 0.027864583333333335
2 0.5348958333333333 0.5369791666666667 0.05625 0.10182291666666667
6 0.5205729166666667 0.5416666666666666 0.011979166666666667 0.023958333333333335
2 0.4322916666666667 0.5458333333333333 0.05625 0.13229166666666667
0 0.6802083333333333 0.546875 0.011458333333333333 0.026822916666666665
2 0.67734375 0.5494791666666666 0.0546875 0.08229166666666667
2 0.5018229166666667 0.5513020833333333 0.030729166666666665 0.0546875
6 0.49973958333333335 0.5518229166666667 0.013020833333333334 0.0203125
6 0.44583333333333336 0.5614583333333333 0.013541666666666667 0.026822916666666665
2 0.6296875 0.5861979166666667 0.05 0.09270833333333334
6 0.6385416666666667 0.6143229166666667 0.0125 0.028645833333333332
2 0.5645833333333333 0.71953125 0.04791666666666667 0.06484375
6 0.575 0.7286458333333333 0.017708333333333333 0.031510416666666666
0 0.6481770833333333 0.7880208333333333 0.008854166666666666 0.0296875
2 0.66171875 0.7940104166666667 0.049479166666666664 0.07135416666666666
2 0.8388020833333333 0.80703125 0.05364583333333333 0.06770833333333333
0 0.8533854166666667 0.8088541666666667 0.016145833333333335 0.028645833333333332
0 0.7151041666666667 0.084375 0.010416666666666666 0.023958333333333335
4 0.6182291666666667 0.88515625 0.078125 0.07213541666666666
2 0.7119791666666667 0.08932291666666667 0.042708333333333334 0.06380208333333333