3 0.3125 0.95546875 0.09895833333333333 0.038802083333333334
6 0.28671875 0.9588541666666667 0.013020833333333334 0.023177083333333334
0 0.013541666666666667 0.3528645833333333 0.01875 0.022135416666666668
0 0.2872395833333333 0.36380208333333336 0.0140625 0.022135416666666668
2 0.04973958333333333 0.36666666666666664 0.0953125 0.07786458333333333
2 0.30703125 0.36953125 0.11302083333333333 0.07213541666666666
6 0.9549479166666667 0.41484375 0.011979166666666667 0.0203125
2 0.94140625 0.4171875 0.0671875 0.06380208333333333
6 0.9479166666666666 0.465625 0.010416666666666666 0.018489583333333334
2 0.93828125 0.4713541666666667 0.0421875 0.06666666666666667
0 0.20364583333333333 0.47630208333333335 0.015625 0.026822916666666665
3 0.2296875 0.48151041666666666 0.10625 0.06666666666666667
2 0.97890625 0.49192708333333335 0.04114583333333333 0.0765625
6 0.9942708333333333 0.49635416666666665 0.010416666666666666 0.020833333333333332
2 0.496875 0.49713541666666666 0.06041666666666667 0.0796875
0 0.48880208333333336 0.49947916666666664 0.011979166666666667 0.021354166666666667
0 0.66953125 0.8166666666666667 0.019270833333333334 0.022135416666666668
2 0.6549479166666666 0.828125 0.07135416666666666 0.08984375