6 0.6744791666666666 0.9263020833333333 0.009375 0.017708333333333333
2 0.97734375 0.346875 0.044270833333333336 0.0625
6 0.9932291666666667 0.36354166666666665 0.0125 0.01953125
2 0.24869791666666666 0.47552083333333334 0.1046875 0.06197916666666667
0 0.22604166666666667 0.4791666666666667 0.010416666666666666 0.017708333333333333
3 0.5114583333333333 0.4940104166666667 0.03958333333333333 0.06380208333333333
6 0.39791666666666664 0.50703125 0.011458333333333333 0.021354166666666667
2 0.421875 0.5143229166666666 0.06145833333333333 0.05286458333333333
2 0.9916666666666667 0.5315104166666667 0.015625 0.033854166666666664
2 0.45677083333333335 0.6546875 0.11770833333333333 0.07213541666666666
0 0.4203125 0.6763020833333333 0.009375 0.021354166666666667
0 0.1453125 0.7736979166666667 0.0125 0.01953125
2 0.15520833333333334 0.7869791666666667 0.06458333333333334 0.159375
2 0.77265625 0.8239583333333333 0.11822916666666666 0.061197916666666664
0 0.73671875 0.8315104166666667 0.0109375 0.022135416666666668
2 0.18515625 0.8927083333333333 0.04114583333333333 0.059375
6 0.18072916666666666 0.8971354166666666 0.011458333333333333 0.0203125
2 0.6513020833333333 0.9255208333333333 0.10885416666666667 0.0546875