0 0.19140625 0.09401041666666667 0.009895833333333333 0.015625
0 0.37265625 0.016666666666666666 0.0078125 0.016666666666666666
2 0.37552083333333336 0.019791666666666666 0.020833333333333332 0.03046875
5 0.5088541666666667 0.22265625 0.0375 0.07317708333333334
0 0.5018229166666667 0.2518229166666667 0.008854166666666666 0.018489583333333334
0 0.35078125 0.03046875 0.008854166666666666 0.016666666666666666
2 0.21119791666666668 0.3411458333333333 0.10052083333333334 0.06015625
0 0.23177083333333334 0.3494791666666667 0.009375 0.011979166666666667
2 0.35442708333333334 0.03802083333333333 0.0171875 0.042708333333333334
0 0.17916666666666667 0.42265625 0.009375 0.017708333333333333
2 0.15520833333333334 0.4315104166666667 0.09583333333333334 0.05182291666666667
2 0.7528645833333333 0.43463541666666666 0.0859375 0.04895833333333333
6 0.7315104166666667 0.4393229166666667 0.0078125 0.013802083333333333
0 0.28567708333333336 0.4471354166666667 0.0078125 0.016666666666666666
3 0.25026041666666665 0.4630208333333333 0.07864583333333333 0.05364583333333333
6 0.8744791666666667 0.47369791666666666 0.009375 0.017708333333333333
2 0.8950520833333333 0.47682291666666665 0.09427083333333333 0.038802083333333334
6 0.6684895833333333 0.4869791666666667 0.0078125 0.016666666666666666
6 0.7786458333333334 0.49166666666666664 0.009375 0.016666666666666666
2 0.8041666666666667 0.49453125 0.090625 0.03333333333333333
2 0.6953125 0.5005208333333333 0.08333333333333333 0.051041666666666666
2 0.23411458333333332 0.5263020833333333 0.09322916666666667 0.041666666666666664
0 0.2596354166666667 0.52734375 0.0109375 0.01953125
6 0.6341145833333334 0.05286458333333333 0.008854166666666666 0.0203125
2 0.17734375 0.06354166666666666 0.059895833333333336 0.084375
6 0.6119791666666666 0.06432291666666666 0.008333333333333333 0.015625
2 0.6299479166666667 0.07734375 0.021354166666666667 0.07135416666666666
6 0.49895833333333334 0.8203125 0.008333333333333333 0.01484375
5 0.4986979166666667 0.8268229166666666 0.030729166666666665 0.04453125
2 0.6091145833333333 0.08463541666666667 0.024479166666666666 0.07135416666666666
0 0.3575520833333333 0.8471354166666667 0.008854166666666666 0.016666666666666666
5 0.3645833333333333 0.8494791666666667 0.034375 0.075