2 0.6171875 0.49713541666666666 0.075 0.09635416666666667
0 0.6341145833333334 0.5278645833333333 0.019270833333333334 0.03515625
3 0.5869791666666667 0.6018229166666667 0.18229166666666666 0.13697916666666668
2 0.6018229166666667 0.609375 0.050520833333333334 0.24817708333333333
5 0.3958333333333333 0.64453125 0.11875 0.15546875
0 0.3484375 0.6703125 0.015625 0.027864583333333335
5 0.7848958333333333 0.7565104166666666 0.09166666666666666 0.15729166666666666
0 0.80078125 0.7708333333333334 0.0171875 0.03229166666666667
0 0.7018229166666666 0.7763020833333333 0.0171875 0.034375
2 0.5822916666666667 0.784375 0.10416666666666667 0.08515625
6 0.5658854166666667 0.78515625 0.018229166666666668 0.0296875
2 0.6651041666666667 0.7934895833333333 0.10208333333333333 0.11848958333333333