0 0.46536458333333336 0.13854166666666667 0.016145833333333335 0.026822916666666665
5 0.5015625 0.16354166666666667 0.09375 0.10104166666666667
0 0.509375 0.4322916666666667 0.0125 0.0203125
2 0.5229166666666667 0.4471354166666667 0.057291666666666664 0.06848958333333334
2 0.275 0.5096354166666667 0.03333333333333333 0.04348958333333333
0 0.27760416666666665 0.5135416666666667 0.013541666666666667 0.025
6 0.6911458333333333 0.5143229166666666 0.015625 0.026822916666666665
2 0.6911458333333333 0.5236979166666667 0.06458333333333334 0.08229166666666667
2 0.4947916666666667 0.5427083333333333 0.03958333333333333 0.08880208333333334
6 0.49166666666666664 0.5486979166666667 0.014583333333333334 0.025
2 0.6036458333333333 0.5513020833333333 0.065625 0.05651041666666667
6 0.6244791666666667 0.5536458333333333 0.016666666666666666 0.026041666666666668
0 0.35520833333333335 0.55703125 0.014583333333333334 0.023177083333333334
6 0.2794270833333333 0.5606770833333333 0.015104166666666667 0.026822916666666665
2 0.2708333333333333 0.57734375 0.03958333333333333 0.06197916666666667
3 0.35546875 0.596875 0.0609375 0.041666666666666664
2 0.396875 0.596875 0.12916666666666668 0.12135416666666667
0 0.33229166666666665 0.6028645833333334 0.014583333333333334 0.022135416666666668
5 0.309375 0.6911458333333333 0.03229166666666667 0.058333333333333334
0 0.30078125 0.7028645833333333 0.011979166666666667 0.022135416666666668
0 0.8989583333333333 0.8096354166666667 0.0125 0.026822916666666665
5 0.8893229166666666 0.8166666666666667 0.04114583333333333 0.07786458333333333