2 0.7557291666666667 0.9372395833333333 0.08541666666666667 0.12447916666666667
2 0.4453125 0.47265625 0.06354166666666666 0.17135416666666667
6 0.43359375 0.5078125 0.011979166666666667 0.01953125
2 0.5520833333333334 0.5239583333333333 0.06041666666666667 0.14635416666666667
2 0.94765625 0.5380208333333333 0.06510416666666667 0.109375
0 0.93828125 0.571875 0.011979166666666667 0.023177083333333334
2 0.46979166666666666 0.6010416666666667 0.028125 0.1
6 0.46640625 0.6427083333333333 0.0109375 0.018489583333333334
2 0.5072916666666667 0.6703125 0.078125 0.16119791666666666
2 0.45078125 0.6760416666666667 0.06510416666666667 0.16484375
2 0.5572916666666666 0.69296875 0.058333333333333334 0.1453125
6 0.48671875 0.73203125 0.013020833333333334 0.021354166666666667
6 0.45598958333333334 0.7338541666666667 0.0171875 0.025
2 0.5807291666666666 0.7447916666666666 0.06041666666666667 0.1453125
6 0.5408854166666667 0.7546875 0.008854166666666666 0.01484375
0 0.55234375 0.8244791666666667 0.0109375 0.01953125
2 0.5403645833333334 0.8463541666666666 0.06197916666666667 0.06302083333333333
2 0.90234375 0.853125 0.044270833333333336 0.0953125
0 0.9067708333333333 0.8815104166666666 0.010416666666666666 0.018489583333333334
6 0.46927083333333336 0.8921875 0.011458333333333333 0.01953125
2 0.4669270833333333 0.8986979166666667 0.059895833333333336 0.07317708333333334