2 0.35703125 0.13880208333333333 0.0921875 0.19453125
2 0.5526041666666667 0.018229166666666668 0.14166666666666666 0.036458333333333336
3 0.46432291666666664 0.2596354166666667 0.1515625 0.21770833333333334
3 0.5861979166666667 0.29713541666666665 0.11302083333333333 0.16848958333333333
3 0.50234375 0.346875 0.1296875 0.23802083333333332
0 0.65078125 0.38567708333333334 0.016145833333333335 0.03046875
2 0.68984375 0.42682291666666666 0.13697916666666668 0.16302083333333334
2 0.63203125 0.46796875 0.0005208333333333333 0.0010416666666666667
6 0.6463541666666667 0.4713541666666667 0.016666666666666666 0.026041666666666668
0 0.6234375 0.5083333333333333 0.020833333333333332 0.0296875
2 0.6638020833333333 0.5083333333333333 0.0921875 0.17786458333333333
6 0.31979166666666664 0.5203125 0.020833333333333332 0.03333333333333333
3 0.5953125 0.5416666666666666 0.0875 0.1703125
2 0.27682291666666664 0.5661458333333333 0.11822916666666666 0.12317708333333334
6 0.378125 0.0671875 0.022916666666666665 0.03619791666666667
0 0.6908854166666667 0.7296875 0.019270833333333334 0.031510416666666666
5 0.6893229166666667 0.75546875 0.0953125 0.16119791666666666
5 0.05390625 0.8153645833333333 0.1078125 0.08229166666666667
0 0.0921875 0.83046875 0.020833333333333332 0.031510416666666666