3 0.6700520833333333 0.934375 0.0828125 0.08697916666666666
2 0.18072916666666666 0.9453125 0.034375 0.06848958333333334
6 0.8455729166666667 0.946875 0.011979166666666667 0.017708333333333333
6 0.9213541666666667 0.9505208333333334 0.009375 0.021354166666666667
2 0.5940104166666667 0.9513020833333333 0.04635416666666667 0.058333333333333334
2 0.8598958333333333 0.9565104166666667 0.06458333333333334 0.0859375
6 0.8192708333333333 0.9596354166666666 0.010416666666666666 0.023177083333333334
6 0.5950520833333334 0.9614583333333333 0.013020833333333334 0.023177083333333334
2 0.9145833333333333 0.9614583333333333 0.041666666666666664 0.0546875
2 0.8083333333333333 0.9653645833333333 0.0375 0.047135416666666666
2 0.23411458333333332 0.9669270833333333 0.06822916666666666 0.06510416666666667
0 0.25104166666666666 0.9690104166666667 0.014583333333333334 0.023177083333333334
3 0.7130208333333333 0.9697916666666667 0.051041666666666666 0.06015625
6 0.8161458333333333 0.3203125 0.010416666666666666 0.0203125
3 0.7877604166666666 0.32864583333333336 0.10885416666666667 0.03697916666666667
3 0.7682291666666666 0.390625 0.1 0.0703125
6 0.7997395833333333 0.39479166666666665 0.013020833333333334 0.023177083333333334
3 0.6955729166666667 0.4471354166666667 0.049479166666666664 0.07213541666666666
6 0.7138020833333333 0.46901041666666665 0.013020833333333334 0.023177083333333334
2 0.8221354166666667 0.4856770833333333 0.049479166666666664 0.0453125
6 0.8419270833333333 0.4903645833333333 0.008854166666666666 0.01953125
2 0.7708333333333334 0.51484375 0.06770833333333333 0.07213541666666666
0 0.7989583333333333 0.5322916666666667 0.0125 0.023958333333333335
3 0.59140625 0.5328125 0.05677083333333333 0.07864583333333333
0 0.6151041666666667 0.5518229166666667 0.013541666666666667 0.023958333333333335
3 0.86953125 0.5739583333333333 0.06302083333333333 0.042708333333333334
0 0.88515625 0.5786458333333333 0.015104166666666667 0.023958333333333335
2 0.8057291666666667 0.58515625 0.078125 0.07604166666666666
6 0.83671875 0.5875 0.011979166666666667 0.021354166666666667
6 0.7401041666666667 0.62265625 0.0125 0.01953125
2 0.7208333333333333 0.63046875 0.08020833333333334 0.109375
2 0.7677083333333333 0.6625 0.06770833333333333 0.05286458333333333
0 0.7765625 0.6721354166666667 0.0125 0.023958333333333335
6 0.9739583333333334 0.7763020833333333 0.013541666666666667 0.023177083333333334
6 0.8677083333333333 0.7838541666666666 0.015625 0.021354166666666667
0 0.6302083333333334 0.7958333333333333 0.011458333333333333 0.023177083333333334
2 0.94296875 0.8018229166666667 0.10052083333333334 0.09270833333333334
2 0.6028645833333334 0.8041666666666667 0.09947916666666666 0.07682291666666667
2 0.8416666666666667 0.8046875 0.10833333333333334 0.06484375
2 0.021354166666666667 0.90234375 0.040625 0.08046875
0 0.17473958333333334 0.9221354166666667 0.013020833333333334 0.0203125
0 0.02421875 0.9231770833333334 0.013020833333333334 0.0203125