3 0.19427083333333334 0.29713541666666665 0.0890625 0.13619791666666667
3 0.24348958333333334 0.42682291666666666 0.1046875 0.08697916666666666
0 0.31484375 0.459375 0.018229166666666668 0.031510416666666666
2 0.35833333333333334 0.46770833333333334 0.159375 0.11484375
0 0.15807291666666667 0.4861979166666667 0.016145833333333335 0.026041666666666668
2 0.12447916666666667 0.5052083333333334 0.11354166666666667 0.11380208333333333
0 0.63125 0.5059895833333333 0.014583333333333334 0.028645833333333332
5 0.6697916666666667 0.5065104166666666 0.13125 0.15729166666666666
5 0.36015625 0.0515625 0.09947916666666666 0.103125
0 0.32578125 0.5231770833333333 0.0171875 0.031510416666666666
0 0.33489583333333334 0.05651041666666667 0.017708333333333333 0.031510416666666666
6 0.23723958333333334 0.5778645833333333 0.0140625 0.026041666666666668
3 0.209375 0.6005208333333333 0.090625 0.1046875
2 0.3450520833333333 0.6135416666666667 0.058854166666666666 0.23984375
2 0.12421875 0.6236979166666666 0.0703125 0.13802083333333334
0 0.13307291666666668 0.665625 0.015104166666666667 0.026041666666666668
0 0.26197916666666665 0.8463541666666666 0.015625 0.03697916666666667
5 0.315625 0.8921875 0.125 0.1953125