0 0.50859375 0.11979166666666667 0.0078125 0.013802083333333333
2 0.48020833333333335 0.12369791666666667 0.08958333333333333 0.041666666666666664
0 0.74140625 0.153125 0.008854166666666666 0.01953125
5 0.7153645833333333 0.15833333333333333 0.1015625 0.04453125
3 0.7236979166666667 0.3671875 0.0203125 0.13229166666666667
0 0.7296875 0.38567708333333334 0.009375 0.01953125
0 0.6736979166666667 0.41015625 0.009895833333333333 0.018489583333333334
3 0.5559895833333334 0.043229166666666666 0.022395833333333334 0.08645833333333333
6 0.5497395833333333 0.42734375 0.009895833333333333 0.017708333333333333
0 0.7463541666666667 0.4309895833333333 0.010416666666666666 0.013802083333333333
2 0.5328125 0.44479166666666664 0.04895833333333333 0.075
3 0.6565104166666667 0.4510416666666667 0.044270833333333336 0.09817708333333333
2 0.7322916666666667 0.47734375 0.0375 0.1046875
0 0.6338541666666667 0.575 0.008333333333333333 0.0203125
0 0.75625 0.5760416666666667 0.009375 0.016666666666666666
0 0.46458333333333335 0.5778645833333333 0.009375 0.01484375
6 0.6934895833333333 0.5861979166666667 0.008854166666666666 0.016666666666666666
3 0.7421875 0.6 0.0375 0.09635416666666667
3 0.625 0.6221354166666667 0.03958333333333333 0.1703125
2 0.6869791666666667 0.6309895833333333 0.052083333333333336 0.16770833333333332
5 0.446875 0.6356770833333333 0.04583333333333333 0.13802083333333334
6 0.7325520833333333 0.7286458333333333 0.008854166666666666 0.01484375
5 0.71484375 0.7489583333333333 0.0515625 0.05546875