2 0.5966145833333333 0.94765625 0.049479166666666664 0.0703125
2 0.55234375 0.9518229166666666 0.0453125 0.06848958333333334
0 0.5546875 0.9708333333333333 0.010416666666666666 0.025
2 0.68515625 0.6739583333333333 0.06302083333333333 0.07213541666666666
6 0.6859375 0.6778645833333333 0.011458333333333333 0.0203125
0 0.5427083333333333 0.6833333333333333 0.011458333333333333 0.023958333333333335
2 0.53984375 0.6869791666666667 0.0484375 0.09270833333333334
0 0.43723958333333335 0.7453125 0.0140625 0.026041666666666668
6 0.6434895833333333 0.7713541666666667 0.013020833333333334 0.023958333333333335
2 0.62734375 0.784375 0.0640625 0.09453125
2 0.4388020833333333 0.7869791666666667 0.0640625 0.14270833333333333
0 0.49921875 0.8296875 0.0109375 0.026041666666666668
6 0.521875 0.8489583333333334 0.010416666666666666 0.022135416666666668
2 0.5111979166666667 0.8619791666666666 0.0640625 0.09635416666666667
0 0.56015625 0.8671875 0.011979166666666667 0.025
2 0.5609375 0.8744791666666667 0.04375 0.06953125
6 0.61953125 0.8815104166666666 0.0109375 0.023958333333333335
2 0.60859375 0.8828125 0.0484375 0.09713541666666667