2 0.3533854166666667 0.009895833333333333 0.044270833333333336 0.019791666666666666
3 0.415625 0.153125 0.08645833333333333 0.04348958333333333
2 0.3203125 0.018229166666666668 0.029166666666666667 0.036458333333333336
2 0.50703125 0.018229166666666668 0.0328125 0.036458333333333336
0 0.27630208333333334 0.19713541666666667 0.011979166666666667 0.016666666666666666
2 0.24791666666666667 0.20651041666666667 0.10208333333333333 0.057291666666666664
2 0.3736979166666667 0.2125 0.06927083333333334 0.04348958333333333
0 0.4044270833333333 0.21536458333333333 0.008854166666666666 0.017708333333333333
0 0.3151041666666667 0.24869791666666666 0.013541666666666667 0.021354166666666667
2 0.20234375 0.2643229166666667 0.07864583333333333 0.047135416666666666
6 0.21848958333333332 0.265625 0.011979166666666667 0.022135416666666668
2 0.29140625 0.2721354166666667 0.09427083333333333 0.08151041666666667
2 0.82109375 0.030208333333333334 0.04010416666666667 0.06015625
0 0.3046875 0.33046875 0.0125 0.018489583333333334
2 0.28177083333333336 0.33880208333333334 0.0875 0.05364583333333333
6 0.17630208333333333 0.4125 0.011979166666666667 0.015625
2 0.15911458333333334 0.425 0.09114583333333333 0.08333333333333333
0 0.43671875 0.04583333333333333 0.009895833333333333 0.021354166666666667
5 0.44244791666666666 0.05 0.0515625 0.059375
0 0.49609375 0.5638020833333334 0.008854166666666666 0.018489583333333334
5 0.4778645833333333 0.6 0.044270833333333336 0.11302083333333333
0 0.20026041666666666 0.6510416666666666 0.0078125 0.016666666666666666
5 0.18333333333333332 0.6635416666666667 0.041666666666666664 0.0546875
6 0.3145833333333333 0.06770833333333333 0.009375 0.022135416666666668
2 0.31588541666666664 0.06901041666666667 0.0421875 0.051041666666666666
6 0.8330729166666667 0.007552083333333333 0.013020833333333334 0.015104166666666667