0 0.23046875 0.9559895833333333 0.019270833333333334 0.034375
5 0.6231770833333333 0.14583333333333334 0.12552083333333333 0.17135416666666667
2 0.4348958333333333 0.15729166666666666 0.08958333333333333 0.21484375
6 0.4078125 0.196875 0.015625 0.03229166666666667
0 0.5770833333333333 0.21354166666666666 0.030208333333333334 0.04348958333333333
2 0.4669270833333333 0.3143229166666667 0.10260416666666666 0.13984375
0 0.42578125 0.36354166666666665 0.0171875 0.03046875
2 0.29192708333333334 0.40520833333333334 0.13177083333333334 0.12864583333333332
6 0.2526041666666667 0.43385416666666665 0.015625 0.03619791666666667
2 0.5466145833333333 0.46067708333333335 0.11614583333333334 0.17864583333333334
6 0.5106770833333333 0.5041666666666667 0.016145833333333335 0.03046875
3 0.3966145833333333 0.5578125 0.15677083333333333 0.10286458333333333
6 0.35911458333333335 0.5809895833333333 0.025520833333333333 0.03984375
2 0.5903645833333333 0.6036458333333333 0.1296875 0.2
2 0.44192708333333336 0.65703125 0.11927083333333334 0.184375
0 0.5604166666666667 0.659375 0.017708333333333333 0.03515625
2 0.2643229166666667 0.6791666666666667 0.14010416666666667 0.14348958333333334
0 0.41041666666666665 0.6986979166666667 0.019791666666666666 0.03802083333333333
0 0.23229166666666667 0.7213541666666666 0.019791666666666666 0.031510416666666666
5 0.6703125 0.7296875 0.10729166666666666 0.23880208333333333
3 0.29453125 0.7916666666666666 0.10260416666666666 0.12395833333333334
0 0.6283854166666667 0.7940104166666667 0.0171875 0.03619791666666667
5 0.2630208333333333 0.8916666666666667 0.09375 0.1796875