0 0.47708333333333336 0.9322916666666666 0.010416666666666666 0.022135416666666668
2 0.234375 0.27317708333333335 0.08020833333333334 0.12786458333333334
6 0.26015625 0.30833333333333335 0.0109375 0.0203125
2 0.7846354166666667 0.46796875 0.033854166666666664 0.17864583333333334
6 0.7947916666666667 0.5135416666666667 0.014583333333333334 0.025
2 0.47604166666666664 0.5356770833333333 0.04479166666666667 0.06197916666666667
6 0.47942708333333334 0.5356770833333333 0.008854166666666666 0.015625
2 0.5440104166666667 0.54296875 0.0671875 0.134375
2 0.6971354166666667 0.565625 0.05364583333333333 0.13880208333333333
6 0.5575520833333333 0.5671875 0.009895833333333333 0.023177083333333334
6 0.6979166666666666 0.60703125 0.010416666666666666 0.01953125
6 0.6979166666666666 0.60703125 0.011458333333333333 0.01953125
2 0.484375 0.65703125 0.03333333333333333 0.058333333333333334
6 0.609375 0.6625 0.011458333333333333 0.017708333333333333
2 0.6098958333333333 0.6638020833333333 0.03333333333333333 0.061197916666666664
6 0.4864583333333333 0.6661458333333333 0.010416666666666666 0.01953125
2 0.3640625 0.6703125 0.028125 0.059375
0 0.3567708333333333 0.6796875 0.011458333333333333 0.018489583333333334
2 0.4609375 0.7588541666666667 0.035416666666666666 0.08229166666666667
0 0.540625 0.7611979166666667 0.015625 0.0296875
2 0.5427083333333333 0.7661458333333333 0.042708333333333334 0.05286458333333333
6 0.45651041666666664 0.7778645833333333 0.013020833333333334 0.0203125
2 0.5119791666666667 0.7885416666666667 0.03958333333333333 0.134375
2 0.65234375 0.7916666666666666 0.0328125 0.05182291666666667
6 0.6609375 0.7989583333333333 0.0125 0.022135416666666668
6 0.5078125 0.8135416666666667 0.014583333333333334 0.01953125
2 0.553125 0.8802083333333334 0.053125 0.08046875
6 0.56796875 0.8822916666666667 0.0109375 0.0203125
0 0.5296875 0.8903645833333333 0.013541666666666667 0.025
2 0.5278645833333333 0.8981770833333333 0.0359375 0.07786458333333333
2 0.484375 0.909375 0.03229166666666667 0.06666666666666667