2 0.56953125 0.9578125 0.0515625 0.05286458333333333
0 0.58515625 0.96484375 0.011979166666666667 0.0203125
6 0.49453125 0.1203125 0.011979166666666667 0.0203125
2 0.46484375 0.12135416666666667 0.1015625 0.06302083333333333
0 0.5346354166666667 0.4453125 0.011979166666666667 0.018489583333333334
2 0.51015625 0.48203125 0.08072916666666667 0.09166666666666666
3 0.6390625 0.4953125 0.06875 0.09270833333333334
3 0.6994791666666667 0.5494791666666666 0.036458333333333336 0.16770833333333332
0 0.6018229166666667 0.559375 0.009895833333333333 0.018489583333333334
2 0.653125 0.5815104166666667 0.06875 0.0703125
2 0.5875 0.5888020833333333 0.041666666666666664 0.09453125
6 0.4786458333333333 0.6083333333333333 0.011458333333333333 0.027864583333333335
2 0.453125 0.6260416666666667 0.096875 0.0796875
0 0.7713541666666667 0.6263020833333334 0.011458333333333333 0.017708333333333333
6 0.47604166666666664 0.64765625 0.0125 0.017708333333333333
2 0.7440104166666667 0.65 0.07760416666666667 0.09453125
2 0.459375 0.6755208333333333 0.09375 0.15651041666666668
3 0.62578125 0.67734375 0.059895833333333336 0.084375
0 0.61328125 0.7083333333333334 0.008854166666666666 0.016666666666666666
2 0.5817708333333333 0.7114583333333333 0.09270833333333334 0.10286458333333333
0 0.5513020833333333 0.7744791666666667 0.0140625 0.021354166666666667
2 0.5278645833333333 0.7888020833333333 0.09947916666666666 0.0703125
0 0.6067708333333334 0.8677083333333333 0.014583333333333334 0.023958333333333335
2 0.57578125 0.87265625 0.11510416666666666 0.08619791666666667