2 0.5830729166666667 0.2 0.09114583333333333 0.11302083333333333
0 0.5997395833333333 0.2171875 0.015104166666666667 0.026822916666666665
0 0.5010416666666667 0.2552083333333333 0.015625 0.028645833333333332
3 0.4591145833333333 0.27734375 0.10677083333333333 0.09895833333333333
2 0.6471354166666666 0.30130208333333336 0.09114583333333333 0.07682291666666667
0 0.6638020833333333 0.32734375 0.015104166666666667 0.023177083333333334
6 0.64140625 0.3736979166666667 0.015104166666666667 0.025
2 0.5518229166666667 0.38385416666666666 0.0796875 0.17682291666666666
3 0.496875 0.40546875 0.035416666666666666 0.06848958333333334
0 0.5208333333333334 0.4078125 0.014583333333333334 0.026822916666666665
2 0.6674479166666667 0.41510416666666666 0.08645833333333333 0.11848958333333333
0 0.48828125 0.425 0.016145833333333335 0.026041666666666668
0 0.61171875 0.4546875 0.016145833333333335 0.023958333333333335
2 0.6065104166666667 0.4671875 0.05260416666666667 0.10651041666666666
2 0.6708333333333333 0.53515625 0.06041666666666667 0.11484375
6 0.6661458333333333 0.5583333333333333 0.013541666666666667 0.026041666666666668