0 0.44114583333333335 0.20546875 0.017708333333333333 0.031510416666666666
2 0.45859375 0.22265625 0.10364583333333334 0.115625
3 0.31588541666666664 0.2596354166666667 0.0734375 0.15286458333333333
3 0.25859375 0.27265625 0.07447916666666667 0.18046875
6 0.34765625 0.30052083333333335 0.0203125 0.028645833333333332
2 0.37552083333333336 0.32734375 0.11041666666666666 0.18984375
0 0.23567708333333334 0.33515625 0.018229166666666668 0.03333333333333333
0 0.42526041666666664 0.33645833333333336 0.0140625 0.034375
2 0.58125 0.33984375 0.140625 0.12213541666666666
6 0.5463541666666667 0.34296875 0.01875 0.03802083333333333
2 0.45078125 0.37135416666666665 0.07552083333333333 0.13515625
6 0.42265625 0.675 0.016145833333333335 0.031510416666666666
2 0.43854166666666666 0.684375 0.09375 0.13697916666666668
0 0.6502604166666667 0.70703125 0.015104166666666667 0.03619791666666667
5 0.6877604166666667 0.7513020833333334 0.1328125 0.2046875
0 0.2598958333333333 0.7671875 0.017708333333333333 0.03984375
6 0.37265625 0.7880208333333333 0.0171875 0.03515625
5 0.275 0.7927083333333333 0.08229166666666667 0.15364583333333334
2 0.41953125 0.7953125 0.14947916666666666 0.16119791666666666