0 0.46484375 0.934375 0.011979166666666667 0.026041666666666668
2 0.46119791666666665 0.953125 0.050520833333333334 0.07135416666666666
2 0.4934895833333333 0.13984375 0.04635416666666667 0.061197916666666664
0 0.50390625 0.13984375 0.013020833333333334 0.023958333333333335
2 0.01953125 0.3731770833333333 0.0390625 0.048177083333333336
0 0.014583333333333334 0.37395833333333334 0.011458333333333333 0.018489583333333334
6 0.8934895833333333 0.3796875 0.0140625 0.023958333333333335
2 0.9190104166666667 0.38619791666666664 0.10260416666666666 0.05546875
2 0.12265625 0.40598958333333335 0.10572916666666667 0.08802083333333334
0 0.1484375 0.4119791666666667 0.0125 0.0203125
0 0.9984375 0.41901041666666666 0.0020833333333333333 0.016145833333333335
2 0.9875 0.421875 0.023958333333333335 0.021875
3 0.011979166666666667 0.46796875 0.023958333333333335 0.04348958333333333
6 0.99375 0.46901041666666665 0.011458333333333333 0.018229166666666668
2 0.9833333333333333 0.46979166666666666 0.03229166666666667 0.04583333333333333
2 0.9091145833333333 0.4864583333333333 0.10885416666666667 0.047135416666666666
6 0.8799479166666667 0.4903645833333333 0.0140625 0.015625
2 0.07838541666666667 0.50546875 0.10989583333333333 0.038802083333333334
0 0.1078125 0.5065104166666666 0.007291666666666667 0.013020833333333334
0 0.022395833333333334 0.5440104166666667 0.010416666666666666 0.021354166666666667
2 0.026822916666666665 0.5440104166666667 0.05364583333333333 0.041666666666666664
2 0.9861979166666667 0.55 0.0265625 0.03229166666666667
6 0.9955729166666667 0.55 0.0078125 0.01875
2 0.9015625 0.5536458333333333 0.10104166666666667 0.048177083333333336
6 0.8763020833333334 0.5606770833333333 0.0109375 0.017708333333333333
2 0.06979166666666667 0.5888020833333333 0.10104166666666667 0.05
0 0.09244791666666667 0.58984375 0.013020833333333334 0.0203125
2 0.48723958333333334 0.70546875 0.034895833333333334 0.1296875
6 0.4791666666666667 0.7578125 0.009375 0.021354166666666667