3 0.6299479166666667 0.93046875 0.05364583333333333 0.12395833333333334
6 0.5080729166666667 0.9356770833333333 0.013020833333333334 0.021354166666666667
0 0.8393229166666667 0.9385416666666667 0.013020833333333334 0.021354166666666667
0 0.88515625 0.9403645833333333 0.016145833333333335 0.028645833333333332
2 0.83046875 0.9453125 0.04010416666666667 0.06484375
0 0.5552083333333333 0.9494791666666667 0.010416666666666666 0.021354166666666667
2 0.45 0.1453125 0.027083333333333334 0.06848958333333334
6 0.44869791666666664 0.146875 0.009895833333333333 0.017708333333333333
2 0.9213541666666667 0.31953125 0.04479166666666667 0.048177083333333336
0 0.93046875 0.32083333333333336 0.008854166666666666 0.01953125
0 0.90390625 0.41953125 0.013020833333333334 0.018489583333333334
2 0.8932291666666666 0.421875 0.06145833333333333 0.06015625
2 0.96328125 0.4583333333333333 0.05364583333333333 0.04453125
0 0.9846354166666667 0.4671875 0.0109375 0.015625
2 0.03046875 0.4708333333333333 0.03802083333333333 0.06770833333333333
0 0.8893229166666666 0.475 0.011979166666666667 0.022135416666666668
6 0.01953125 0.47552083333333334 0.011979166666666667 0.01953125
2 0.8885416666666667 0.47682291666666665 0.051041666666666666 0.06666666666666667
2 0.8916666666666667 0.5338541666666666 0.03125 0.051041666666666666
6 0.032552083333333336 0.5421875 0.009895833333333333 0.015625
0 0.90078125 0.5427083333333333 0.0140625 0.022135416666666668
2 0.94296875 0.5440104166666667 0.03697916666666667 0.11770833333333333
2 0.04505208333333333 0.5458333333333333 0.0453125 0.05286458333333333
0 0.9520833333333333 0.5739583333333333 0.0125 0.0203125
2 0.04375 0.6041666666666666 0.04375 0.05286458333333333
6 0.03046875 0.615625 0.008854166666666666 0.0203125
2 0.0125 0.6369791666666667 0.025 0.061197916666666664
6 0.31145833333333334 0.6703125 0.009375 0.018489583333333334
3 0.29270833333333335 0.7161458333333334 0.06145833333333333 0.15651041666666668
2 0.44947916666666665 0.8546875 0.052083333333333336 0.059375
0 0.44088541666666664 0.8690104166666667 0.009895833333333333 0.01953125
0 0.6104166666666667 0.878125 0.009375 0.017708333333333333
2 0.8731770833333333 0.91484375 0.0453125 0.08515625
3 0.5528645833333333 0.9153645833333334 0.030729166666666665 0.09713541666666667
2 0.5083333333333333 0.9231770833333334 0.023958333333333335 0.05546875