6 0.80078125 0.9661458333333334 0.034895833333333334 0.05286458333333333
6 0.46770833333333334 0.21302083333333333 0.01875 0.031510416666666666
6 0.6026041666666667 0.25104166666666666 0.020833333333333332 0.0296875
2 0.46953125 0.2721354166666667 0.044270833333333336 0.15182291666666667
2 0.5963541666666666 0.3046875 0.12291666666666666 0.13515625
6 0.21484375 0.38984375 0.021354166666666667 0.048177083333333336
2 0.21692708333333333 0.42630208333333336 0.0671875 0.12682291666666667
0 0.42604166666666665 0.44166666666666665 0.023958333333333335 0.05364583333333333
6 0.0328125 0.4427083333333333 0.021875 0.042708333333333334
0 0.27786458333333336 0.48802083333333335 0.027604166666666666 0.05546875
2 0.43255208333333334 0.5052083333333334 0.1296875 0.18229166666666666
2 0.05364583333333333 0.5291666666666667 0.09166666666666666 0.2677083333333333
2 0.2796875 0.5893229166666667 0.115625 0.25286458333333334
2 0.7932291666666667 0.85390625 0.07916666666666666 0.2911458333333333