0 0.5895833333333333 0.9559895833333333 0.0125 0.028645833333333332
2 0.9197916666666667 0.50234375 0.040625 0.0546875
0 0.9216145833333333 0.5083333333333333 0.015104166666666667 0.026041666666666668
2 0.6005208333333333 0.55703125 0.04375 0.09166666666666666
6 0.5947916666666667 0.5703125 0.014583333333333334 0.026041666666666668
6 0.87578125 0.5828125 0.013020833333333334 0.03229166666666667
2 0.8622395833333333 0.5921875 0.05364583333333333 0.09895833333333333
6 0.709375 0.59765625 0.015625 0.03046875
2 0.6880208333333333 0.603125 0.06354166666666666 0.08046875
2 0.5565104166666667 0.609375 0.04114583333333333 0.06666666666666667
0 0.56875 0.6135416666666667 0.008333333333333333 0.017708333333333333
6 0.8182291666666667 0.6260416666666667 0.013541666666666667 0.031510416666666666
2 0.8018229166666667 0.6286458333333333 0.04739583333333333 0.1296875
0 0.54296875 0.6494791666666667 0.0140625 0.023177083333333334
2 0.43125 0.6619791666666667 0.08229166666666667 0.0796875
0 0.4552083333333333 0.6625 0.00625 0.013802083333333333
2 0.7013020833333333 0.665625 0.034895833333333334 0.07395833333333333
2 0.52109375 0.6671875 0.0859375 0.125
2 0.6375 0.6671875 0.06041666666666667 0.075
6 0.6580729166666667 0.671875 0.013020833333333334 0.028645833333333332
6 0.74765625 0.67734375 0.013020833333333334 0.034375
2 0.7416666666666667 0.6802083333333333 0.0375 0.08984375
6 0.7046875 0.6875 0.0125 0.026822916666666665
0 0.6578125 0.7135416666666666 0.015625 0.026822916666666665
2 0.646875 0.72265625 0.08958333333333333 0.08984375
0 0.5604166666666667 0.80234375 0.013541666666666667 0.034375
2 0.5494791666666666 0.8088541666666667 0.06354166666666666 0.09713541666666667
2 0.56953125 0.9143229166666667 0.05260416666666667 0.115625