2 0.7875 0.9302083333333333 0.042708333333333334 0.04348958333333333
6 0.7989583333333333 0.9421875 0.009375 0.017708333333333333
6 0.44609375 0.1375 0.0109375 0.015625
2 0.45598958333333334 0.16145833333333334 0.04635416666666667 0.06015625
2 0.0125 0.39895833333333336 0.025 0.040625
2 0.015885416666666666 0.46145833333333336 0.03177083333333333 0.03984375
2 0.965625 0.4783854166666667 0.06770833333333333 0.049479166666666664
6 0.940625 0.4786458333333333 0.008333333333333333 0.018489583333333334
2 0.91875 0.4986979166666667 0.034375 0.05651041666666667
6 0.9205729166666666 0.5028645833333333 0.013020833333333334 0.016666666666666666
6 0.9723958333333333 0.515625 0.011458333333333333 0.016666666666666666
2 0.02109375 0.5208333333333334 0.0421875 0.06380208333333333
0 0.0067708333333333336 0.52265625 0.011458333333333333 0.01953125
2 0.9625 0.525 0.04375 0.059375
2 0.9348958333333334 0.5630208333333333 0.03125 0.06484375
6 0.94375 0.5661458333333333 0.013541666666666667 0.01953125
2 0.42083333333333334 0.8041666666666667 0.030208333333333334 0.051041666666666666
6 0.41848958333333336 0.8072916666666666 0.011979166666666667 0.018489583333333334
0 0.4114583333333333 0.8713541666666667 0.008333333333333333 0.022135416666666668
2 0.41354166666666664 0.8763020833333334 0.023958333333333335 0.065625
3 0.14739583333333334 0.9010416666666666 0.041666666666666664 0.12213541666666666
6 0.14427083333333332 0.91796875 0.016666666666666666 0.028645833333333332