5 0.6713541666666667 0.14479166666666668 0.184375 0.07317708333333334
0 0.61640625 0.14583333333333334 0.016145833333333335 0.03619791666666667
2 0.6502604166666667 0.37447916666666664 0.16822916666666668 0.09895833333333333
6 0.5130208333333334 0.40651041666666665 0.014583333333333334 0.026041666666666668
0 0.69375 0.4078125 0.017708333333333333 0.03229166666666667
6 0.5921875 0.4309895833333333 0.019791666666666666 0.03046875
3 0.475 0.446875 0.10520833333333333 0.17864583333333334
2 0.61171875 0.47578125 0.11197916666666667 0.16848958333333333
3 0.5252604166666667 0.5135416666666667 0.0796875 0.31953125
0 0.36015625 0.5244791666666667 0.0171875 0.034375
2 0.34791666666666665 0.5369791666666667 0.04791666666666667 0.11302083333333333
0 0.8919270833333334 0.6208333333333333 0.019270833333333334 0.034375
6 0.39114583333333336 0.6559895833333333 0.015625 0.034375
2 0.38385416666666666 0.6986979166666667 0.071875 0.13802083333333334
5 0.8950520833333333 0.6994791666666667 0.1015625 0.22864583333333333
6 0.6630208333333333 0.7268229166666667 0.01875 0.03333333333333333
2 0.6809895833333334 0.7760416666666666 0.10677083333333333 0.240625
0 0.6481770833333333 0.8236979166666667 0.0171875 0.03046875
2 0.6591145833333333 0.9033854166666667 0.059895833333333336 0.1921875