6 0.44427083333333334 0.17630208333333333 0.008333333333333333 0.013802083333333333
2 0.45390625 0.18463541666666666 0.0359375 0.051041666666666666
6 0.020833333333333332 0.40729166666666666 0.009375 0.01484375
2 0.03515625 0.4083333333333333 0.05677083333333333 0.040625
0 0.9903645833333333 0.41015625 0.011979166666666667 0.0203125
2 0.9776041666666667 0.4203125 0.041666666666666664 0.061197916666666664
2 0.06276041666666667 0.4666666666666667 0.0421875 0.05364583333333333
6 0.05026041666666667 0.47213541666666664 0.0109375 0.016666666666666666
2 0.01875 0.48880208333333336 0.0375 0.059375
2 0.9763020833333333 0.5221354166666666 0.04635416666666667 0.08177083333333333
2 0.0421875 0.5315104166666667 0.04583333333333333 0.05364583333333333
0 0.9841145833333333 0.534375 0.011979166666666667 0.016666666666666666
6 0.02578125 0.53515625 0.009895833333333333 0.018489583333333334