0 0.5794270833333334 0.15416666666666667 0.0109375 0.023177083333333334
5 0.5981770833333333 0.16197916666666667 0.0765625 0.06302083333333333
2 0.6395833333333333 0.36302083333333335 0.06875 0.04635416666666667
6 0.61796875 0.36796875 0.0109375 0.01953125
0 0.5359375 0.41901041666666666 0.011458333333333333 0.017708333333333333
2 0.5278645833333333 0.43385416666666665 0.0296875 0.051041666666666666
2 0.75859375 0.45651041666666664 0.10572916666666667 0.07604166666666666
6 0.7166666666666667 0.47552083333333334 0.010416666666666666 0.01953125
0 0.3606770833333333 0.47630208333333335 0.0140625 0.021354166666666667
3 0.35989583333333336 0.47734375 0.046875 0.14713541666666666
0 0.5098958333333333 0.5263020833333333 0.011458333333333333 0.021354166666666667
2 0.559375 0.5268229166666667 0.08854166666666667 0.11666666666666667
2 0.49583333333333335 0.5385416666666667 0.041666666666666664 0.11015625
6 0.5216145833333333 0.5731770833333333 0.011979166666666667 0.022135416666666668
6 0.5986979166666667 0.5893229166666667 0.011979166666666667 0.021354166666666667
2 0.44921875 0.5940104166666667 0.04010416666666667 0.09166666666666666
2 0.6140625 0.5953125 0.04583333333333333 0.061197916666666664
0 0.45416666666666666 0.6255208333333333 0.015625 0.023177083333333334
5 0.58046875 0.6361979166666667 0.050520833333333334 0.08515625
0 0.5822916666666667 0.64765625 0.009375 0.01953125
5 0.49609375 0.70234375 0.03177083333333333 0.08046875
0 0.49895833333333334 0.703125 0.013541666666666667 0.025