2 0.13854166666666667 0.9864583333333333 0.10833333333333334 0.026822916666666665
0 0.10885416666666667 0.9890625 0.013541666666666667 0.020833333333333332
0 0.032552083333333336 0.3731770833333333 0.015104166666666667 0.022135416666666668
5 0.04401041666666667 0.38385416666666666 0.03697916666666667 0.058333333333333334
2 0.0265625 0.4744791666666667 0.053125 0.06770833333333333
2 0.0375 0.5578125 0.051041666666666666 0.06380208333333333
6 0.019010416666666665 0.5588541666666667 0.013020833333333334 0.023177083333333334
0 0.09817708333333333 0.61015625 0.013020833333333334 0.026041666666666668
2 0.12473958333333333 0.6518229166666667 0.0921875 0.17786458333333333
2 0.5385416666666667 0.7880208333333333 0.03333333333333333 0.0703125
6 0.53984375 0.8036458333333333 0.015104166666666667 0.023958333333333335
2 0.14505208333333333 0.8059895833333334 0.0421875 0.058333333333333334
0 0.14088541666666668 0.8078125 0.0171875 0.023177083333333334
2 0.22005208333333334 0.8096354166666667 0.06927083333333334 0.0546875
2 0.2760416666666667 0.8111979166666666 0.035416666666666666 0.061197916666666664
0 0.2677083333333333 0.8125 0.017708333333333333 0.023177083333333334
0 0.19453125 0.8161458333333333 0.0109375 0.023177083333333334