3 0.43984375 0.9447916666666667 0.028645833333333332 0.11015625
2 0.46796875 0.12135416666666667 0.03697916666666667 0.059375
6 0.46536458333333336 0.12369791666666667 0.0109375 0.01953125
2 0.44973958333333336 0.5078125 0.050520833333333334 0.05651041666666667
3 0.5028645833333333 0.5346354166666667 0.06302083333333333 0.07864583333333333
3 0.4231770833333333 0.6153645833333333 0.058854166666666666 0.11380208333333333
0 0.50625 0.6239583333333333 0.013541666666666667 0.0203125
3 0.53515625 0.6333333333333333 0.04114583333333333 0.15
2 0.5010416666666667 0.640625 0.03333333333333333 0.08151041666666667
3 0.4552083333333333 0.646875 0.04791666666666667 0.06770833333333333
2 0.4942708333333333 0.7268229166666667 0.034375 0.10546875
6 0.4856770833333333 0.8291666666666667 0.011979166666666667 0.017708333333333333
2 0.46484375 0.83203125 0.05572916666666667 0.1046875
2 0.7471354166666667 0.8903645833333333 0.0546875 0.084375
2 0.16614583333333333 0.9078125 0.0625 0.08046875
6 0.7427083333333333 0.9111979166666667 0.011458333333333333 0.022135416666666668