0 0.6807291666666667 0.12395833333333334 0.011458333333333333 0.022135416666666668
5 0.68515625 0.16380208333333332 0.06614583333333333 0.11484375
0 0.45234375 0.26536458333333335 0.011979166666666667 0.017708333333333333
0 0.4401041666666667 0.2953125 0.011458333333333333 0.0203125
2 0.475 0.296875 0.09791666666666667 0.08046875
2 0.4669270833333333 0.31354166666666666 0.0984375 0.084375
3 0.2643229166666667 0.34479166666666666 0.0734375 0.06197916666666667
6 0.403125 0.34817708333333336 0.0125 0.0296875
2 0.4049479166666667 0.3611979166666667 0.04739583333333333 0.08697916666666666
6 0.28229166666666666 0.38619791666666664 0.0125 0.018489583333333334
2 0.309375 0.41119791666666666 0.09791666666666667 0.08880208333333334
3 0.36041666666666666 0.4231770833333333 0.08229166666666667 0.09817708333333333
6 0.5466145833333333 0.4546875 0.011979166666666667 0.023958333333333335
2 0.5716145833333334 0.45703125 0.07239583333333334 0.09895833333333333
0 0.4817708333333333 0.4947916666666667 0.0125 0.01953125
2 0.51328125 0.5190104166666667 0.08177083333333333 0.08984375
0 0.29635416666666664 0.546875 0.011458333333333333 0.023177083333333334
5 0.33125 0.553125 0.084375 0.06015625
5 0.6341145833333334 0.8130208333333333 0.06510416666666667 0.08697916666666666
0 0.6190104166666667 0.821875 0.009895833333333333 0.023177083333333334