0 0.18697916666666667 0.9440104166666666 0.017708333333333333 0.03619791666666667
5 0.19505208333333332 0.9440104166666666 0.0671875 0.1109375
2 0.28567708333333336 0.2869791666666667 0.08802083333333334 0.11119791666666666
3 0.23958333333333334 0.35651041666666666 0.08020833333333334 0.09635416666666667
2 0.42473958333333334 0.49947916666666664 0.14739583333333334 0.225
2 0.29140625 0.5369791666666667 0.05677083333333333 0.14453125
0 0.37526041666666665 0.5643229166666667 0.021354166666666667 0.03619791666666667
0 0.2760416666666667 0.5778645833333333 0.023958333333333335 0.03333333333333333
3 0.23125 0.584375 0.07291666666666667 0.23151041666666666
0 0.46171875 0.6059895833333333 0.1015625 0.134375
3 0.31536458333333334 0.6518229166666667 0.050520833333333334 0.10364583333333334
3 0.25755208333333335 0.8552083333333333 0.09010416666666667 0.12864583333333332
0 0.7026041666666667 0.9197916666666667 0.019791666666666666 0.03619791666666667
5 0.7231770833333333 0.9231770833333334 0.06302083333333333 0.15260416666666668