2 0.5591145833333333 0.9268229166666667 0.027604166666666666 0.06484375
6 0.7559895833333333 0.9278645833333333 0.011979166666666667 0.0203125
2 0.6794270833333333 0.9361979166666666 0.0265625 0.109375
6 0.90078125 0.9380208333333333 0.009895833333333333 0.022135416666666668
6 0.84921875 0.9411458333333333 0.009895833333333333 0.025
6 0.56171875 0.94296875 0.013020833333333334 0.021354166666666667
2 0.89375 0.9434895833333333 0.041666666666666664 0.07604166666666666
0 0.19973958333333333 0.9486979166666667 0.015104166666666667 0.025
2 0.8151041666666666 0.9489583333333333 0.027083333333333334 0.057291666666666664
2 0.8497395833333333 0.9489583333333333 0.034895833333333334 0.0796875
6 0.8190104166666666 0.9572916666666667 0.009895833333333333 0.0203125
3 0.65625 0.26979166666666665 0.09895833333333333 0.05651041666666667
6 0.6231770833333333 0.2791666666666667 0.0140625 0.021354166666666667
2 0.2559895833333333 0.35520833333333335 0.09114583333333333 0.058333333333333334
0 0.21640625 0.36302083333333335 0.011979166666666667 0.022135416666666668
2 0.9158854166666667 0.41380208333333335 0.050520833333333334 0.05546875
6 0.92265625 0.42630208333333336 0.011979166666666667 0.021354166666666667
0 0.008854166666666666 0.4471354166666667 0.013541666666666667 0.023958333333333335
2 0.037760416666666664 0.4518229166666667 0.07447916666666667 0.05182291666666667
3 0.6778645833333333 0.4778645833333333 0.0703125 0.06302083333333333
6 0.66171875 0.49166666666666664 0.009895833333333333 0.022135416666666668
2 0.42135416666666664 0.5130208333333334 0.08333333333333333 0.05364583333333333
0 0.384375 0.51796875 0.010416666666666666 0.026822916666666665
2 0.09453125 0.5190104166666667 0.1109375 0.04348958333333333
2 0.35546875 0.51953125 0.0453125 0.06666666666666667
0 0.0578125 0.5203125 0.014583333333333334 0.022135416666666668
0 0.33958333333333335 0.5361979166666667 0.013541666666666667 0.026041666666666668
6 0.9528645833333333 0.58515625 0.011979166666666667 0.022135416666666668
2 0.9393229166666667 0.5875 0.049479166666666664 0.06770833333333333
2 0.83203125 0.6184895833333334 0.033854166666666664 0.16848958333333333
6 0.8380208333333333 0.6572916666666667 0.0125 0.022135416666666668
2 0.5020833333333333 0.6760416666666667 0.11770833333333333 0.11484375
0 0.47369791666666666 0.6927083333333334 0.0109375 0.022135416666666668
2 0.44453125 0.8197916666666667 0.0484375 0.075
0 0.4471354166666667 0.8268229166666666 0.009895833333333333 0.026041666666666668
0 0.6799479166666667 0.9072916666666667 0.0109375 0.023958333333333335
2 0.21979166666666666 0.9130208333333333 0.05520833333333333 0.09453125
2 0.7518229166666667 0.9203125 0.021354166666666667 0.04635416666666667