6 0.48125 0.09348958333333333 0.0125 0.0203125
3 0.44192708333333336 0.09583333333333334 0.06822916666666666 0.09166666666666666
2 0.31145833333333334 0.10703125 0.04479166666666667 0.15651041666666668
6 0.5575520833333333 0.12630208333333334 0.0109375 0.021354166666666667
3 0.42942708333333335 0.13802083333333334 0.08802083333333334 0.13151041666666666
2 0.5869791666666667 0.153125 0.07708333333333334 0.084375
3 0.6098958333333333 0.21119791666666668 0.08645833333333333 0.08333333333333333
2 0.5122395833333333 0.22864583333333333 0.0796875 0.05546875
6 0.496875 0.23515625 0.014583333333333334 0.0203125
6 0.3380208333333333 0.2518229166666667 0.0125 0.022135416666666668
0 0.40989583333333335 0.2916666666666667 0.011458333333333333 0.023958333333333335
2 0.3575520833333333 0.29348958333333336 0.07239583333333334 0.14817708333333332
2 0.44036458333333334 0.30104166666666665 0.1046875 0.11848958333333333
6 0.5328125 0.3028645833333333 0.014583333333333334 0.022135416666666668
2 0.5518229166666667 0.3221354166666667 0.08072916666666667 0.09270833333333334
0 0.6791666666666667 0.34765625 0.014583333333333334 0.017708333333333333
2 0.7046875 0.37864583333333335 0.10416666666666667 0.12395833333333334
6 0.3106770833333333 0.05364583333333333 0.013020833333333334 0.026041666666666668
0 0.45260416666666664 0.7552083333333334 0.010416666666666666 0.028645833333333332
2 0.47109375 0.796875 0.0609375 0.125
2 0.5106770833333333 0.084375 0.07447916666666667 0.08151041666666667