2 0.8255208333333334 0.2981770833333333 0.08125 0.05546875
0 0.8622395833333333 0.3 0.0109375 0.022135416666666668
0 0.9442708333333333 0.32083333333333336 0.014583333333333334 0.01953125
2 0.9361979166666666 0.33046875 0.07864583333333333 0.059375
2 0.8401041666666667 0.38229166666666664 0.05 0.10546875
6 0.8544270833333333 0.40546875 0.009895833333333333 0.0203125
6 0.8796875 0.43463541666666666 0.013541666666666667 0.021354166666666667
2 0.9059895833333333 0.44817708333333334 0.09114583333333333 0.08515625
0 0.88203125 0.46484375 0.0140625 0.022135416666666668
2 0.8619791666666666 0.4703125 0.05625 0.05
2 0.7203125 0.5385416666666667 0.10625 0.06197916666666667
6 0.7494791666666667 0.5421875 0.011458333333333333 0.017708333333333333
2 0.9473958333333333 0.5434895833333333 0.09791666666666667 0.10546875
6 0.9200520833333333 0.578125 0.0109375 0.021354166666666667
3 0.9703125 0.6268229166666667 0.058333333333333334 0.07447916666666667
2 0.5046875 0.7653645833333333 0.034375 0.084375
6 0.503125 0.7875 0.011458333333333333 0.01953125