0 0.3411458333333333 0.09296875 0.013541666666666667 0.017708333333333333
5 0.34817708333333336 0.09479166666666666 0.043229166666666666 0.08619791666666667
2 0.0546875 0.31796875 0.075 0.06197916666666667
0 0.08229166666666667 0.3260416666666667 0.009375 0.018489583333333334
2 0.5958333333333333 0.37604166666666666 0.096875 0.057291666666666664
6 0.5760416666666667 0.37786458333333334 0.015625 0.026041666666666668
2 0.04921875 0.4005208333333333 0.0859375 0.041666666666666664
0 0.06953125 0.40286458333333336 0.009895833333333333 0.016666666666666666
2 0.6098958333333333 0.4153645833333333 0.08958333333333333 0.05286458333333333
6 0.5700520833333333 0.42135416666666664 0.0078125 0.0203125
2 0.7122395833333334 0.43203125 0.09635416666666667 0.058333333333333334
6 0.68046875 0.44765625 0.0140625 0.023177083333333334
2 0.63359375 0.47682291666666665 0.08072916666666667 0.04635416666666667
6 0.6067708333333334 0.4796875 0.0125 0.022135416666666668
0 0.35234375 0.63984375 0.016145833333333335 0.018489583333333334
5 0.36171875 0.6653645833333334 0.0390625 0.084375
0 0.41744791666666664 0.7505208333333333 0.009895833333333333 0.017708333333333333
5 0.41953125 0.7666666666666667 0.0421875 0.061197916666666664