2 0.2716145833333333 0.125 0.06302083333333333 0.1296875
2 0.3763020833333333 0.14114583333333333 0.1046875 0.06953125
0 0.40572916666666664 0.1421875 0.011458333333333333 0.023177083333333334
6 0.28046875 0.1453125 0.013020833333333334 0.0203125
2 0.3182291666666667 0.171875 0.065625 0.11953125
0 0.3260416666666667 0.19583333333333333 0.010416666666666666 0.017708333333333333
6 0.3997395833333333 0.19895833333333332 0.013020833333333334 0.022135416666666668
2 0.3703125 0.203125 0.07291666666666667 0.07317708333333334
2 0.4786458333333333 0.23854166666666668 0.06666666666666667 0.08984375
3 0.4205729166666667 0.2708333333333333 0.09322916666666667 0.05651041666666667
0 0.5052083333333334 0.2713541666666667 0.011458333333333333 0.0203125
2 0.30416666666666664 0.3078125 0.10208333333333333 0.08984375
2 0.5388020833333333 0.31666666666666665 0.06510416666666667 0.09635416666666667
0 0.3346354166666667 0.32447916666666665 0.0140625 0.026822916666666665
2 0.2359375 0.3296875 0.103125 0.09817708333333333
6 0.2598958333333333 0.3380208333333333 0.011458333333333333 0.022135416666666668
0 0.56640625 0.3536458333333333 0.0067708333333333336 0.016666666666666666
3 0.4505208333333333 0.37786458333333334 0.08958333333333333 0.08333333333333333
6 0.2794270833333333 0.05 0.009895833333333333 0.0203125
2 0.24973958333333332 0.05416666666666667 0.12552083333333333 0.041666666666666664
2 0.37552083333333336 0.71484375 0.09375 0.14270833333333333
0 0.4010416666666667 0.7184895833333333 0.010416666666666666 0.026041666666666668
3 0.44296875 0.08463541666666667 0.08489583333333334 0.08229166666666667