2 0.14244791666666667 0.5588541666666667 0.05260416666666667 0.07317708333333334
0 0.14765625 0.58203125 0.009895833333333333 0.017708333333333333
2 0.18776041666666668 0.6184895833333334 0.04114583333333333 0.06302083333333333
0 0.19348958333333333 0.6221354166666667 0.009895833333333333 0.016666666666666666
2 0.029427083333333333 0.653125 0.058854166666666666 0.165625
2 0.19088541666666667 0.6796875 0.04739583333333333 0.07604166666666666
0 0.18776041666666668 0.68984375 0.011979166666666667 0.016666666666666666
2 0.15520833333333334 0.7606770833333333 0.04479166666666667 0.06953125
0 0.06328125 0.7666666666666667 0.0109375 0.0203125
0 0.1546875 0.7690104166666667 0.009375 0.01953125
2 0.09244791666666667 0.7736979166666667 0.07239583333333334 0.09713541666666667