2 0.19895833333333332 0.26848958333333334 0.11666666666666667 0.08880208333333334
0 0.22369791666666666 0.28098958333333335 0.0109375 0.021354166666666667
2 0.07473958333333333 0.3184895833333333 0.1078125 0.08151041666666667
0 0.10364583333333334 0.33229166666666665 0.014583333333333334 0.026041666666666668
2 0.6786458333333333 0.3416666666666667 0.125 0.05546875
6 0.6466145833333333 0.34479166666666666 0.0140625 0.025
2 0.2591145833333333 0.35703125 0.11614583333333334 0.05286458333333333
0 0.2890625 0.3614583333333333 0.0125 0.021354166666666667
2 0.8348958333333333 0.37786458333333334 0.11354166666666667 0.042708333333333334
6 0.8041666666666667 0.37916666666666665 0.0125 0.023177083333333334
6 0.6783854166666666 0.42864583333333334 0.015104166666666667 0.023958333333333335
2 0.7 0.42916666666666664 0.10729166666666666 0.041666666666666664
0 0.19739583333333333 0.44166666666666665 0.013541666666666667 0.022135416666666668
2 0.16640625 0.4471354166666667 0.12864583333333332 0.05182291666666667
6 0.7791666666666667 0.4596354166666667 0.013541666666666667 0.023177083333333334
2 0.8104166666666667 0.46536458333333336 0.121875 0.0453125
0 0.5846354166666666 0.7260416666666667 0.009895833333333333 0.026041666666666668
5 0.5861979166666667 0.76953125 0.06302083333333333 0.15546875
0 0.3651041666666667 0.790625 0.013541666666666667 0.026041666666666668
2 0.48515625 0.8114583333333333 0.04010416666666667 0.07317708333333334
5 0.3606770833333333 0.8153645833333333 0.04010416666666667 0.06770833333333333
6 0.48203125 0.8208333333333333 0.013020833333333334 0.028645833333333332
1 0.41901041666666666 0.9072916666666667 0.033854166666666664 0.07604166666666666