2 0.6302083333333334 0.09479166666666666 0.022916666666666665 0.07135416666666666
2 0.6109375 0.09869791666666666 0.025 0.058333333333333334
2 0.19609375 0.11770833333333333 0.06510416666666667 0.10182291666666667
0 0.21458333333333332 0.13645833333333332 0.010416666666666666 0.01953125
5 0.5138020833333333 0.23567708333333334 0.058854166666666666 0.08619791666666667
0 0.5015625 0.26796875 0.009375 0.01953125
0 0.3768229166666667 0.03046875 0.0109375 0.018489583333333334
2 0.37786458333333334 0.03515625 0.018229166666666668 0.027864583333333335
2 0.25104166666666666 0.37734375 0.09375 0.075
0 0.27630208333333334 0.3828125 0.008854166666666666 0.015625
0 0.21901041666666668 0.428125 0.0109375 0.01953125
2 0.184375 0.4361979166666667 0.08020833333333334 0.05364583333333333
2 0.7119791666666667 0.44036458333333334 0.08958333333333333 0.03984375
6 0.69296875 0.4421875 0.0067708333333333336 0.013802083333333333
2 0.30416666666666664 0.4510416666666667 0.07708333333333334 0.06484375
0 0.34036458333333336 0.453125 0.0078125 0.013802083333333333
0 0.3541666666666667 0.047135416666666666 0.008333333333333333 0.01484375
6 0.8442708333333333 0.48984375 0.011458333333333333 0.016666666666666666
6 0.7424479166666667 0.49114583333333334 0.0109375 0.015625
2 0.8669270833333333 0.49166666666666664 0.09739583333333333 0.04453125
6 0.6203125 0.49635416666666665 0.007291666666666667 0.01484375
2 0.7645833333333333 0.49635416666666665 0.09583333333333334 0.05182291666666667
2 0.6481770833333333 0.4981770833333333 0.08177083333333333 0.05182291666666667
2 0.3578125 0.05182291666666667 0.020833333333333332 0.0296875
0 0.3020833333333333 0.5393229166666667 0.007291666666666667 0.015625
2 0.27734375 0.5411458333333333 0.09635416666666667 0.04895833333333333
6 0.6153645833333333 0.07552083333333333 0.0078125 0.013802083333333333
6 0.6377604166666667 0.08203125 0.008854166666666666 0.01953125
6 0.5005208333333333 0.8278645833333333 0.009375 0.016666666666666666
5 0.5026041666666666 0.8364583333333333 0.025 0.041666666666666664
0 0.36015625 0.8588541666666667 0.008854166666666666 0.017708333333333333
5 0.36432291666666666 0.8611979166666667 0.034895833333333334 0.07213541666666666