6 0.67734375 0.9260416666666667 0.011979166666666667 0.0203125
2 0.9419270833333333 0.9302083333333333 0.0484375 0.09895833333333333
2 0.834375 0.9388020833333334 0.05 0.090625
2 0.89453125 0.95703125 0.033854166666666664 0.058333333333333334
6 0.8171875 0.9614583333333333 0.0125 0.021354166666666667
6 0.9231770833333334 0.9684895833333333 0.013020833333333334 0.022135416666666668
6 0.9041666666666667 0.975 0.014583333333333334 0.0203125
0 0.29322916666666665 0.2671875 0.011458333333333333 0.023177083333333334
2 0.27760416666666665 0.3190104166666667 0.06979166666666667 0.21015625
3 0.42916666666666664 0.33567708333333335 0.07604166666666666 0.07135416666666666
6 0.3802083333333333 0.33984375 0.011458333333333333 0.018489583333333334
0 0.30885416666666665 0.34296875 0.0125 0.025
2 0.35963541666666665 0.37135416666666665 0.08697916666666666 0.11848958333333333
2 0.31015625 0.37447916666666664 0.0296875 0.10104166666666667
6 0.4890625 0.375 0.009375 0.0203125
2 0.47291666666666665 0.39869791666666665 0.1078125 0.08333333333333333
0 0.22057291666666667 0.40182291666666664 0.011979166666666667 0.0203125
2 0.22864583333333333 0.403125 0.05625 0.0453125
6 0.3059895833333333 0.44895833333333335 0.011979166666666667 0.0203125
2 0.3033854166666667 0.45286458333333335 0.05677083333333333 0.05546875
6 0.375 0.4713541666666667 0.011458333333333333 0.022135416666666668
2 0.35078125 0.5052083333333334 0.09427083333333333 0.09166666666666666
0 0.36041666666666666 0.525 0.011458333333333333 0.023958333333333335
2 0.36953125 0.5361979166666667 0.04010416666666667 0.06848958333333334
6 0.36770833333333336 0.69453125 0.010416666666666666 0.0203125
2 0.3541666666666667 0.7018229166666666 0.09479166666666666 0.048177083333333336
0 0.38984375 0.7875 0.013020833333333334 0.025
2 0.38359375 0.7971354166666667 0.04114583333333333 0.07213541666666666
0 0.5559895833333334 0.7994791666666666 0.0140625 0.026822916666666665
3 0.5783854166666667 0.8403645833333333 0.0734375 0.11015625
6 0.5161458333333333 0.8684895833333334 0.014583333333333334 0.022135416666666668
3 0.5252604166666667 0.8697916666666666 0.04114583333333333 0.09713541666666667
2 0.66875 0.8940104166666667 0.03125 0.08046875