0 0.3611979166666667 0.009375 0.008854166666666666 0.01484375
2 0.36328125 0.016666666666666666 0.019270833333333334 0.0296875
0 0.29765625 0.18645833333333334 0.009895833333333333 0.021354166666666667
2 0.27447916666666666 0.18802083333333333 0.084375 0.061197916666666664
0 0.33489583333333334 0.0203125 0.009375 0.0203125
5 0.5059895833333333 0.22083333333333333 0.07447916666666667 0.07317708333333334
0 0.475 0.23333333333333334 0.010416666666666666 0.022135416666666668
2 0.33697916666666666 0.026041666666666668 0.021875 0.038802083333333334
6 0.6119791666666666 0.026302083333333334 0.010416666666666666 0.017708333333333333
2 0.6033854166666667 0.03567708333333333 0.030729166666666665 0.041666666666666664
2 0.35 0.390625 0.07083333333333333 0.11848958333333333
0 0.37057291666666664 0.4161458333333333 0.011979166666666667 0.017708333333333333
3 0.42239583333333336 0.4231770833333333 0.065625 0.12395833333333334
3 0.5703125 0.4239583333333333 0.06458333333333334 0.07395833333333333
2 0.28072916666666664 0.4244791666666667 0.06875 0.08619791666666667
0 0.30833333333333335 0.43984375 0.011458333333333333 0.0203125
2 0.7229166666666667 0.44817708333333334 0.09166666666666666 0.059375
6 0.6971354166666667 0.45234375 0.009895833333333333 0.017708333333333333
3 0.5052083333333334 0.46796875 0.05416666666666667 0.109375
2 0.6057291666666667 0.4703125 0.0625 0.042708333333333334
0 0.44244791666666666 0.4713541666666667 0.011979166666666667 0.016666666666666666
6 0.48515625 0.5065104166666666 0.009895833333333333 0.018489583333333334
3 0.3880208333333333 0.5166666666666667 0.058333333333333334 0.08697916666666666
0 0.41015625 0.5302083333333333 0.0109375 0.025
6 0.6033854166666667 0.059375 0.0078125 0.018489583333333334
0 0.33984375 0.7916666666666666 0.0109375 0.018489583333333334
6 0.48489583333333336 0.7986979166666667 0.009375 0.015625
5 0.35182291666666665 0.8171875 0.043229166666666666 0.10833333333333334
5 0.4895833333333333 0.81953125 0.023958333333333335 0.057291666666666664
2 0.5986979166666667 0.08229166666666667 0.0359375 0.06666666666666667