6 0.27734375 0.11770833333333333 0.0140625 0.027864583333333335
3 0.19401041666666666 0.121875 0.10260416666666666 0.08619791666666667
0 0.3203125 0.125 0.01875 0.03697916666666667
2 0.1421875 0.13880208333333333 0.075 0.15182291666666667
2 0.38567708333333334 0.15234375 0.1515625 0.12317708333333334
2 0.5651041666666666 0.175 0.14270833333333333 0.12395833333333334
3 0.25755208333333335 0.20703125 0.08177083333333333 0.21197916666666666
0 0.41041666666666665 0.2552083333333333 0.025 0.03802083333333333
6 0.2171875 0.02734375 0.01875 0.03046875
2 0.45677083333333335 0.28203125 0.22083333333333333 0.15651041666666668
6 0.41354166666666664 0.3809895833333333 0.01875 0.03802083333333333
2 0.4744791666666667 0.39401041666666664 0.17395833333333333 0.13802083333333334
5 0.26197916666666665 0.47630208333333335 0.10416666666666667 0.15104166666666666
0 0.8783854166666667 0.48854166666666665 0.0171875 0.03046875
0 0.25052083333333336 0.49583333333333335 0.019791666666666666 0.03984375
5 0.9315104166666667 0.5502604166666667 0.1359375 0.1578125
2 0.22890625 0.058333333333333334 0.044270833333333336 0.11484375
0 0.12421875 0.08098958333333334 0.021354166666666667 0.03984375
1 0.8625 0.86953125 0.06770833333333333 0.12604166666666666