6 0.6375 0.1546875 0.010416666666666666 0.022135416666666668
2 0.6682291666666667 0.16197916666666667 0.10833333333333334 0.057291666666666664
6 0.7341145833333333 0.3888020833333333 0.011979166666666667 0.0203125
3 0.6005208333333333 0.3971354166666667 0.08854166666666667 0.057291666666666664
2 0.75625 0.4046875 0.103125 0.10729166666666666
6 0.6864583333333333 0.42630208333333336 0.013541666666666667 0.01953125
0 0.60390625 0.4427083333333333 0.011979166666666667 0.0203125
2 0.6979166666666666 0.45598958333333334 0.065625 0.11015625
3 0.7622395833333333 0.46145833333333336 0.07447916666666667 0.051041666666666666
2 0.6216145833333333 0.46536458333333336 0.08802083333333334 0.08802083333333334
6 0.5434895833333333 0.4864583333333333 0.009895833333333333 0.01953125
2 0.5713541666666667 0.4875 0.103125 0.04895833333333333
6 0.6802083333333333 0.5333333333333333 0.0125 0.018489583333333334
2 0.6880208333333333 0.5375 0.0875 0.06197916666666667
6 0.5903645833333333 0.5643229166666667 0.0140625 0.021354166666666667
2 0.6080729166666666 0.5828125 0.09635416666666667 0.07317708333333334
6 0.5958333333333333 0.6833333333333333 0.011458333333333333 0.023958333333333335
2 0.615625 0.6885416666666667 0.08958333333333333 0.07682291666666667
0 0.7330729166666666 0.9036458333333334 0.011979166666666667 0.0203125
2 0.7502604166666667 0.9078125 0.08385416666666666 0.07682291666666667