2 0.16354166666666667 0.39947916666666666 0.11979166666666667 0.051041666666666666
6 0.12838541666666667 0.40651041666666665 0.011979166666666667 0.016666666666666666
2 0.9859375 0.4875 0.027083333333333334 0.18125
2 0.22864583333333333 0.4940104166666667 0.057291666666666664 0.10104166666666667
6 0.20494791666666667 0.4947916666666667 0.009895833333333333 0.021354166666666667
6 0.6934895833333333 0.5072916666666667 0.011979166666666667 0.0203125
2 0.7346354166666667 0.5177083333333333 0.09635416666666667 0.06848958333333334
0 0.6739583333333333 0.5606770833333333 0.013541666666666667 0.021354166666666667
2 0.6674479166666667 0.5638020833333334 0.0609375 0.061197916666666664
2 0.24375 0.5815104166666667 0.09479166666666666 0.06302083333333333
6 0.20078125 0.5875 0.008854166666666666 0.01953125