6 0.47890625 0.22864583333333333 0.016145833333333335 0.022135416666666668
2 0.47369791666666666 0.23151041666666666 0.06197916666666667 0.08333333333333333
3 0.4421875 0.45729166666666665 0.07916666666666666 0.09453125
3 0.44479166666666664 0.45729166666666665 0.084375 0.090625
2 0.5388020833333333 0.4786458333333333 0.0890625 0.13151041666666666
2 0.49322916666666666 0.5208333333333334 0.03854166666666667 0.15104166666666666
6 0.365625 0.525 0.014583333333333334 0.023958333333333335
0 0.6888020833333334 0.546875 0.016145833333333335 0.023177083333333334
0 0.5041666666666667 0.5565104166666667 0.009375 0.027864583333333335
2 0.7096354166666666 0.5583333333333333 0.0765625 0.11484375
2 0.3528645833333333 0.5583333333333333 0.0640625 0.14635416666666667
2 0.52109375 0.5713541666666667 0.050520833333333334 0.059375
3 0.565625 0.6315104166666666 0.08645833333333333 0.08151041666666667
0 0.5447916666666667 0.6322916666666667 0.013541666666666667 0.022135416666666668
3 0.44453125 0.6505208333333333 0.043229166666666666 0.07317708333333334
6 0.5169270833333334 0.8046875 0.015104166666666667 0.031510416666666666
2 0.5197916666666667 0.8286458333333333 0.057291666666666664 0.090625
0 0.7606770833333333 0.8822916666666667 0.009895833333333333 0.018489583333333334
2 0.7856770833333333 0.8838541666666667 0.10260416666666666 0.075