2 0.28463541666666664 0.97734375 0.027604166666666666 0.044270833333333336
2 0.5106770833333333 0.9783854166666667 0.04010416666666667 0.0421875
0 0.37135416666666665 0.3333333333333333 0.015625 0.023958333333333335
6 0.3723958333333333 0.036458333333333336 0.0125 0.03229166666666667
2 0.9083333333333333 0.39401041666666664 0.058333333333333334 0.09166666666666666
5 0.371875 0.4078125 0.036458333333333336 0.17135416666666667
6 0.90625 0.41119791666666666 0.014583333333333334 0.027864583333333335
2 0.37604166666666666 0.042708333333333334 0.028125 0.08151041666666667
6 0.92734375 0.47552083333333334 0.016145833333333335 0.023177083333333334
2 0.9234375 0.4786458333333333 0.051041666666666666 0.06848958333333334
2 0.9614583333333333 0.5177083333333333 0.036458333333333336 0.08151041666666667
6 0.96796875 0.5260416666666666 0.015104166666666667 0.018489583333333334