6 0.047135416666666666 0.009895833333333333 0.016145833333333335 0.019791666666666666
0 0.46510416666666665 0.9385416666666667 0.009375 0.01953125
2 0.4778645833333333 0.9653645833333333 0.0671875 0.0546875
0 0.5028645833333333 0.9791666666666666 0.011979166666666667 0.021354166666666667
6 0.4044270833333333 0.018489583333333334 0.009895833333333333 0.018489583333333334
2 0.01875 0.025520833333333333 0.034375 0.051041666666666666
2 0.0625 0.030208333333333334 0.04479166666666667 0.06015625
2 0.9815104166666667 0.49114583333333334 0.0359375 0.0625
2 0.4114583333333333 0.05364583333333333 0.03229166666666667 0.10729166666666666
6 0.002864583333333333 0.871875 0.005729166666666666 0.01953125
2 0.4705729166666667 0.9013020833333333 0.0328125 0.09166666666666666
2 0.016666666666666666 0.90703125 0.03333333333333333 0.09166666666666666