2 0.45598958333333334 0.9614583333333333 0.0515625 0.06197916666666667
0 0.44479166666666664 0.9661458333333334 0.013541666666666667 0.026822916666666665
2 0.49192708333333335 0.13385416666666666 0.04739583333333333 0.10651041666666666
0 0.5010416666666667 0.17135416666666667 0.009375 0.023958333333333335
2 0.3106770833333333 0.4078125 0.08489583333333334 0.04895833333333333
2 0.6984375 0.4083333333333333 0.078125 0.07604166666666666
0 0.3424479166666667 0.41119791666666666 0.011979166666666667 0.018489583333333334
6 0.6736979166666667 0.4153645833333333 0.008854166666666666 0.017708333333333333
6 0.5700520833333333 0.4171875 0.011979166666666667 0.017708333333333333
3 0.5934895833333333 0.425 0.0921875 0.10546875
2 0.47369791666666666 0.4505208333333333 0.0671875 0.075
2 0.24244791666666668 0.4552083333333333 0.10052083333333334 0.07682291666666667
0 0.49296875 0.459375 0.009895833333333333 0.01484375
0 0.26953125 0.46484375 0.008854166666666666 0.0203125
2 0.7471354166666667 0.49765625 0.1171875 0.05651041666666667
6 0.5348958333333333 0.5052083333333334 0.010416666666666666 0.01953125
6 0.7236979166666667 0.5096354166666667 0.013020833333333334 0.017708333333333333
0 0.48880208333333336 0.5130208333333334 0.0109375 0.016666666666666666
2 0.46067708333333335 0.5135416666666667 0.0921875 0.03984375
2 0.56015625 0.5197916666666667 0.09322916666666667 0.09348958333333333
2 0.3028645833333333 0.55546875 0.08072916666666667 0.042708333333333334
2 0.75859375 0.5713541666666667 0.09427083333333333 0.07213541666666666
2 0.5817708333333333 0.5864583333333333 0.096875 0.0453125
6 0.7317708333333334 0.5893229166666667 0.014583333333333334 0.021354166666666667
6 0.55390625 0.59453125 0.009895833333333333 0.018489583333333334
2 0.40598958333333335 0.6005208333333333 0.09010416666666667 0.047135416666666666
0 0.42890625 0.6046875 0.0109375 0.018489583333333334
6 0.4979166666666667 0.8013020833333333 0.010416666666666666 0.01953125
2 0.4859375 0.8046875 0.065625 0.07213541666666666