0 0.4986979166666667 0.016666666666666666 0.016145833333333335 0.0296875
0 0.7411458333333333 0.20885416666666667 0.016666666666666666 0.03229166666666667
5 0.7651041666666667 0.22317708333333333 0.096875 0.12786458333333334
2 0.6484375 0.26666666666666666 0.07291666666666667 0.14453125
6 0.6703125 0.30052083333333335 0.015625 0.03046875
2 0.4856770833333333 0.04401041666666667 0.04114583333333333 0.08802083333333334
2 0.7354166666666667 0.4708333333333333 0.11354166666666667 0.125
6 0.85078125 0.5065104166666666 0.016145833333333335 0.027864583333333335
0 0.7255208333333333 0.5119791666666667 0.017708333333333333 0.026041666666666668
2 0.8138020833333334 0.51953125 0.11197916666666667 0.13515625
0 0.5799479166666667 0.54765625 0.019270833333333334 0.03619791666666667
6 0.6739583333333333 0.5838541666666667 0.017708333333333333 0.03229166666666667
2 0.5895833333333333 0.5916666666666667 0.05520833333333333 0.109375
2 0.71171875 0.6263020833333334 0.12552083333333333 0.19895833333333332
6 0.6552083333333333 0.6309895833333333 0.016666666666666666 0.03802083333333333
2 0.6619791666666667 0.6786458333333333 0.03854166666666667 0.140625
0 0.6177083333333333 0.7986979166666667 0.013541666666666667 0.03046875
2 0.665625 0.83984375 0.11458333333333333 0.19270833333333334
0 0.9697916666666667 0.8411458333333334 0.013541666666666667 0.025
5 0.9765625 0.9096354166666667 0.04375 0.18046875