2 0.7216145833333333 0.9315104166666667 0.05572916666666667 0.057291666666666664
0 0.7341145833333333 0.9393229166666667 0.011979166666666667 0.023177083333333334
2 0.6270833333333333 0.1671875 0.10208333333333333 0.07135416666666666
6 0.6557291666666667 0.1875 0.010416666666666666 0.021354166666666667
3 0.6046875 0.3671875 0.06666666666666667 0.0546875
2 0.7260416666666667 0.5630208333333333 0.046875 0.10182291666666667
3 0.59375 0.5638020833333334 0.059375 0.15364583333333334
0 0.73984375 0.5833333333333334 0.011979166666666667 0.026041666666666668
3 0.6307291666666667 0.5916666666666667 0.040625 0.159375
6 0.6677083333333333 0.5989583333333334 0.0125 0.0203125
2 0.7716145833333333 0.60546875 0.07239583333333334 0.16119791666666666
3 0.6971354166666667 0.6114583333333333 0.044270833333333336 0.06197916666666667
2 0.66640625 0.61484375 0.0390625 0.07213541666666666
0 0.7859375 0.6403645833333333 0.011458333333333333 0.025
6 0.57421875 0.7768229166666667 0.011979166666666667 0.023958333333333335
2 0.5645833333333333 0.7791666666666667 0.03958333333333333 0.09895833333333333