2 0.4083333333333333 0.09895833333333333 0.03958333333333333 0.1
2 0.5161458333333333 0.1078125 0.09375 0.09895833333333333
6 0.5403645833333334 0.125 0.0109375 0.018489583333333334
3 0.3609375 0.14947916666666666 0.04479166666666667 0.15286458333333333
3 0.48515625 0.18020833333333333 0.058854166666666666 0.12135416666666667
2 0.45390625 0.21614583333333334 0.06510416666666667 0.175
3 0.5388020833333333 0.21953125 0.04010416666666667 0.15546875
6 0.46484375 0.25364583333333335 0.008854166666666666 0.0203125
3 0.59921875 0.2721354166666667 0.050520833333333334 0.09635416666666667
3 0.39869791666666665 0.27682291666666664 0.0296875 0.057291666666666664
2 0.3453125 0.3028645833333333 0.08541666666666667 0.09270833333333334
3 0.5192708333333333 0.3065104166666667 0.04895833333333333 0.12604166666666666
0 0.3684895833333333 0.31666666666666665 0.013020833333333334 0.022135416666666668
0 0.5010416666666667 0.039322916666666666 0.009375 0.021354166666666667
2 0.540625 0.04895833333333333 0.08854166666666667 0.0703125
0 0.44505208333333335 0.071875 0.011979166666666667 0.021354166666666667
6 0.4861979166666667 0.7411458333333333 0.0109375 0.017708333333333333
2 0.44583333333333336 0.075 0.027083333333333334 0.06484375
2 0.49453125 0.7903645833333334 0.050520833333333334 0.15651041666666668
0 0.4296875 0.86328125 0.0125 0.026822916666666665
2 0.42734375 0.9119791666666667 0.0640625 0.14817708333333332