3 0.4471354166666667 0.9739583333333334 0.0796875 0.040625
6 0.48880208333333336 0.16380208333333332 0.0078125 0.01484375
5 0.48828125 0.17630208333333333 0.0265625 0.04348958333333333
2 0.09895833333333333 0.3958333333333333 0.0375 0.058333333333333334
6 0.09348958333333333 0.4005208333333333 0.008854166666666666 0.015625
6 0.10052083333333334 0.46979166666666666 0.008333333333333333 0.015625
6 0.03567708333333333 0.4713541666666667 0.013020833333333334 0.018489583333333334
2 0.04791666666666667 0.4744791666666667 0.040625 0.047135416666666666
2 0.10572916666666667 0.47734375 0.0375 0.06380208333333333
0 0.9098958333333333 0.48020833333333335 0.011458333333333333 0.017708333333333333
2 0.9197916666666667 0.48046875 0.06354166666666666 0.05
0 0.9924479166666667 0.4934895833333333 0.0140625 0.019270833333333334
2 0.9825520833333333 0.4942708333333333 0.033854166666666664 0.0625
2 0.9140625 0.5614583333333333 0.03958333333333333 0.04348958333333333
0 0.9197916666666667 0.5671875 0.011458333333333333 0.01953125
6 0.10026041666666667 0.5677083333333334 0.0109375 0.016666666666666666
2 0.9716145833333333 0.5690104166666666 0.05572916666666667 0.06822916666666666
0 0.9640625 0.5744791666666667 0.010416666666666666 0.017708333333333333
2 0.11041666666666666 0.5768229166666666 0.03958333333333333 0.0796875