2 0.9578125 0.17317708333333334 0.065625 0.06484375
6 0.9661458333333334 0.18020833333333333 0.0125 0.01953125
2 0.5307291666666667 0.33046875 0.065625 0.05364583333333333
6 0.5026041666666666 0.34817708333333336 0.010416666666666666 0.018489583333333334
0 0.1984375 0.43333333333333335 0.009375 0.016666666666666666
3 0.34609375 0.43385416666666665 0.11197916666666667 0.051041666666666666
0 0.3106770833333333 0.44635416666666666 0.011979166666666667 0.018489583333333334
2 0.23411458333333332 0.45703125 0.11197916666666667 0.075
3 0.4856770833333333 0.51484375 0.06822916666666666 0.05182291666666667
2 0.9765625 0.53046875 0.04583333333333333 0.06197916666666667
6 0.99609375 0.5375 0.0067708333333333336 0.019791666666666666
2 0.9408854166666667 0.5760416666666667 0.03697916666666667 0.09453125
3 0.2078125 0.5778645833333333 0.11041666666666666 0.03697916666666667
0 0.17838541666666666 0.5802083333333333 0.0109375 0.01953125
6 0.94765625 0.6119791666666666 0.011979166666666667 0.018489583333333334
0 0.37057291666666664 0.61953125 0.0109375 0.01484375
2 0.39505208333333336 0.6221354166666667 0.07239583333333334 0.048177083333333336
2 0.44765625 0.684375 0.0609375 0.08515625
2 0.9703125 0.7010416666666667 0.05520833333333333 0.04635416666666667
0 0.4239583333333333 0.7010416666666667 0.010416666666666666 0.016666666666666666
0 0.9911458333333333 0.7052083333333333 0.014583333333333334 0.01953125
2 0.7856770833333333 0.9010416666666666 0.08802083333333334 0.04453125
0 0.7625 0.90546875 0.0125 0.016666666666666666