2 0.8377604166666667 0.9755208333333333 0.0359375 0.04791666666666667
0 0.8333333333333334 0.9833333333333333 0.010416666666666666 0.023958333333333335
2 0.37473958333333335 0.1578125 0.1078125 0.06380208333333333
6 0.3997395833333333 0.16015625 0.0109375 0.022135416666666668
2 0.27317708333333335 0.54296875 0.10260416666666666 0.065625
6 0.30026041666666664 0.5489583333333333 0.0140625 0.022135416666666668
2 0.3765625 0.5927083333333333 0.06979166666666667 0.04453125
3 0.52265625 0.5947916666666667 0.1046875 0.08046875
2 0.3143229166666667 0.6380208333333334 0.1171875 0.08333333333333333
6 0.33932291666666664 0.64296875 0.015104166666666667 0.026822916666666665
2 0.5333333333333333 0.6518229166666667 0.11875 0.08151041666666667
0 0.5598958333333334 0.6583333333333333 0.0125 0.016666666666666666
0 0.44817708333333334 0.7541666666666667 0.0109375 0.025
2 0.41744791666666664 0.7731770833333333 0.09947916666666666 0.07604166666666666
6 0.41171875 0.85234375 0.011979166666666667 0.026822916666666665
2 0.3723958333333333 0.8614583333333333 0.08958333333333333 0.06197916666666667