2 0.31302083333333336 0.10104166666666667 0.06354166666666666 0.20182291666666666
3 0.0453125 0.38229166666666664 0.09010416666666667 0.07604166666666666
3 0.7236979166666667 0.42734375 0.20885416666666667 0.11015625
6 0.67578125 0.44947916666666665 0.0234375 0.03229166666666667
0 0.22708333333333333 0.49895833333333334 0.017708333333333333 0.03697916666666667
2 0.15208333333333332 0.5041666666666667 0.16666666666666666 0.07317708333333334
2 0.8463541666666666 0.5713541666666667 0.26145833333333335 0.22604166666666667
6 0.79375 0.5911458333333334 0.025 0.041666666666666664
2 0.9583333333333334 0.59921875 0.08229166666666667 0.0671875
6 0.9908854166666666 0.6015625 0.0171875 0.03854166666666667
0 0.10885416666666667 0.7153645833333333 0.023958333333333335 0.04348958333333333
3 0.07369791666666667 0.7171875 0.14739583333333334 0.08229166666666667