3 0.07604166666666666 0.4041666666666667 0.15208333333333332 0.10104166666666667
3 0.6239583333333333 0.48984375 0.20833333333333334 0.10546875
6 0.5666666666666667 0.5078125 0.020833333333333332 0.041666666666666664
3 0.21901041666666668 0.5315104166666667 0.15052083333333333 0.14635416666666667
5 0.27734375 0.06015625 0.06614583333333333 0.1203125
2 0.7989583333333333 0.6239583333333333 0.24583333333333332 0.19453125
2 0.9515625 0.6559895833333333 0.09583333333333334 0.1015625
6 0.9622395833333334 0.6653645833333334 0.027604166666666666 0.047135416666666666
0 0.7247395833333333 0.6791666666666667 0.0171875 0.041666666666666664
2 0.12005208333333334 0.7447916666666666 0.23697916666666666 0.13046875
0 0.18854166666666666 0.775 0.027083333333333334 0.05364583333333333