6 0.7692708333333333 0.10416666666666667 0.0125 0.023177083333333334
2 0.7541666666666667 0.12864583333333332 0.06458333333333334 0.08515625
2 0.8369791666666667 0.3106770833333333 0.053125 0.0546875
0 0.8544270833333333 0.31302083333333336 0.011979166666666667 0.018489583333333334
6 0.75546875 0.346875 0.015104166666666667 0.017708333333333333
2 0.7549479166666667 0.3536458333333333 0.030729166666666665 0.08151041666666667
6 0.9286458333333333 0.4010416666666667 0.011458333333333333 0.018489583333333334
2 0.93203125 0.40234375 0.07447916666666667 0.047135416666666666
2 0.6966145833333334 0.41302083333333334 0.033854166666666664 0.06848958333333334
6 0.7026041666666667 0.415625 0.014583333333333334 0.0203125
2 0.98671875 0.47369791666666666 0.025520833333333333 0.1328125
2 0.91875 0.48463541666666665 0.10729166666666666 0.07682291666666667
0 0.9455729166666667 0.490625 0.0140625 0.023958333333333335
0 0.93359375 0.5286458333333334 0.0171875 0.022135416666666668
2 0.9166666666666666 0.5309895833333333 0.052083333333333336 0.05286458333333333
2 0.8981770833333333 0.5703125 0.0390625 0.059375
0 0.9091145833333333 0.5796875 0.015104166666666667 0.016666666666666666
2 0.8075520833333333 0.6403645833333333 0.0671875 0.041666666666666664
6 0.834375 0.6411458333333333 0.0125 0.023177083333333334
0 0.8408854166666667 0.7388020833333333 0.011979166666666667 0.018489583333333334
2 0.81015625 0.7536458333333333 0.0734375 0.10182291666666667