5 0.5690104166666666 0.19713541666666667 0.16614583333333333 0.11848958333333333
0 0.5328125 0.19869791666666667 0.01875 0.03619791666666667
6 0.51875 0.3046875 0.015625 0.0296875
0 0.6190104166666667 0.33203125 0.019270833333333334 0.03984375
3 0.5348958333333333 0.36302083333333335 0.051041666666666666 0.19270833333333334
2 0.5981770833333333 0.39947916666666666 0.06510416666666667 0.17864583333333334
2 0.7151041666666667 0.42864583333333334 0.059375 0.15546875
0 0.7184895833333333 0.459375 0.018229166666666668 0.03333333333333333
2 0.434375 0.47552083333333334 0.09583333333333334 0.0953125
6 0.5893229166666667 0.5138020833333333 0.0203125 0.03697916666666667
2 0.5869791666666667 0.5171875 0.057291666666666664 0.11015625
0 0.88203125 0.6236979166666666 0.019270833333333334 0.034375
6 0.4166666666666667 0.63984375 0.016666666666666666 0.031510416666666666
2 0.41015625 0.6471354166666666 0.09947916666666666 0.13697916666666668
2 0.6692708333333334 0.6721354166666667 0.07291666666666667 0.140625
5 0.8919270833333334 0.6739583333333333 0.0828125 0.16119791666666666
0 0.6359375 0.8111979166666666 0.01875 0.03333333333333333
2 0.6578125 0.8630208333333333 0.08125 0.22395833333333334