0 0.49583333333333335 0.09895833333333333 0.007291666666666667 0.0203125
5 0.49661458333333336 0.115625 0.030729166666666665 0.05546875
6 0.04114583333333333 0.38229166666666664 0.014583333333333334 0.0203125
2 0.04375 0.4005208333333333 0.05 0.084375
2 0.04635416666666667 0.46770833333333334 0.06666666666666667 0.07395833333333333
0 0.95 0.4708333333333333 0.0125 0.023177083333333334
6 0.05677083333333333 0.471875 0.013541666666666667 0.017708333333333333
2 0.9604166666666667 0.48385416666666664 0.078125 0.090625
2 0.05755208333333333 0.5643229166666667 0.05572916666666667 0.08046875
2 0.9630208333333333 0.5721354166666667 0.07083333333333333 0.061197916666666664
0 0.9575520833333333 0.5744791666666667 0.015104166666666667 0.01953125
6 0.054947916666666666 0.57734375 0.013020833333333334 0.017708333333333333