2 0.784375 0.94453125 0.09583333333333334 0.03697916666666667
2 0.6611979166666667 0.3958333333333333 0.0734375 0.07682291666666667
0 0.6901041666666666 0.4078125 0.0125 0.01953125
2 0.9286458333333333 0.4671875 0.04791666666666667 0.14348958333333334
6 0.9263020833333333 0.4981770833333333 0.013020833333333334 0.022135416666666668
2 0.6528645833333333 0.5388020833333333 0.0734375 0.0796875
2 0.9653645833333333 0.5416666666666666 0.0296875 0.11666666666666667
0 0.6692708333333334 0.5458333333333333 0.011458333333333333 0.021354166666666667
6 0.975 0.5635416666666667 0.011458333333333333 0.021354166666666667
6 0.83046875 0.5736979166666667 0.013020833333333334 0.025
2 0.8153645833333333 0.57734375 0.058854166666666666 0.065625
6 0.89921875 0.5838541666666667 0.013020833333333334 0.023177083333333334
2 0.8934895833333333 0.590625 0.034895833333333334 0.08151041666666667
0 0.71640625 0.6213541666666667 0.013020833333333334 0.022135416666666668
2 0.6932291666666667 0.6236979166666666 0.084375 0.1046875
2 0.9513020833333333 0.6291666666666667 0.06197916666666667 0.09166666666666666
6 0.9421875 0.6364583333333333 0.014583333333333334 0.021354166666666667
2 0.8018229166666667 0.6731770833333334 0.0515625 0.06484375
6 0.803125 0.6947916666666667 0.010416666666666666 0.01953125
2 0.8140625 0.8231770833333333 0.04375 0.057291666666666664
0 0.8216145833333334 0.83515625 0.013020833333333334 0.026041666666666668
2 0.5713541666666667 0.84765625 0.021875 0.051041666666666666
0 0.57109375 0.8606770833333334 0.011979166666666667 0.017708333333333333
2 0.21692708333333333 0.8671875 0.0390625 0.09713541666666667
0 0.21432291666666667 0.875 0.013020833333333334 0.0203125