2 0.5609375 0.9596354166666666 0.05 0.08046875
0 0.553125 0.9708333333333333 0.016666666666666666 0.034375
0 0.49296875 0.0171875 0.0140625 0.03229166666666667
0 0.6205729166666667 0.2828125 0.0171875 0.03046875
5 0.6455729166666667 0.32786458333333335 0.12239583333333333 0.15364583333333334
2 0.54140625 0.04114583333333333 0.0453125 0.08229166666666667
3 0.46041666666666664 0.4328125 0.06875 0.065625
0 0.44453125 0.44765625 0.016145833333333335 0.03229166666666667
2 0.49635416666666665 0.050520833333333334 0.035416666666666666 0.10104166666666667
2 0.19348958333333333 0.0546875 0.07239583333333334 0.109375
0 0.51953125 0.5755208333333334 0.015104166666666667 0.03229166666666667
3 0.32421875 0.6153645833333333 0.0921875 0.13984375
2 0.5434895833333333 0.62734375 0.1234375 0.20651041666666667
2 0.42135416666666664 0.6583333333333333 0.15208333333333332 0.20546875
6 0.20338541666666668 0.071875 0.0171875 0.03229166666666667
0 0.3875 0.7197916666666667 0.017708333333333333 0.034375
0 0.7635416666666667 0.7565104166666666 0.015625 0.0296875
2 0.65625 0.8333333333333334 0.14791666666666667 0.11848958333333333
0 0.6247395833333333 0.85703125 0.015104166666666667 0.03046875
5 0.8020833333333334 0.8583333333333333 0.1 0.23333333333333334