2 0.6083333333333333 0.1453125 0.09375 0.09635416666666667
0 0.63984375 0.15598958333333332 0.0140625 0.025
3 0.5877604166666667 0.22734375 0.0015625 0.0010416666666666667
0 0.73203125 0.2760416666666667 0.019270833333333334 0.03333333333333333
3 0.5236979166666667 0.28229166666666666 0.0796875 0.11119791666666666
2 0.7 0.29401041666666666 0.07916666666666666 0.15833333333333333
2 0.6200520833333333 0.3 0.05572916666666667 0.09453125
6 0.615625 0.3260416666666667 0.016666666666666666 0.03515625
3 0.56796875 0.36484375 0.05572916666666667 0.11484375
3 0.578125 0.4471354166666667 0.0875 0.1703125
2 0.7049479166666667 0.49453125 0.0640625 0.18046875
2 0.6140625 0.5731770833333333 0.05416666666666667 0.15182291666666667
0 0.6296875 0.6166666666666667 0.017708333333333333 0.03697916666666667