5 0.39817708333333335 0.18854166666666666 0.11302083333333333 0.16953125
0 0.37526041666666665 0.23151041666666666 0.011979166666666667 0.026041666666666668
6 0.2794270833333333 0.23463541666666668 0.0109375 0.023177083333333334
2 0.29401041666666666 0.25833333333333336 0.049479166666666664 0.09635416666666667
0 0.3848958333333333 0.43463541666666666 0.013541666666666667 0.023177083333333334
2 0.40130208333333334 0.44166666666666665 0.044270833333333336 0.07604166666666666
3 0.23671875 0.47265625 0.030729166666666665 0.09895833333333333
6 0.24088541666666666 0.5036458333333333 0.009895833333333333 0.018489583333333334
6 0.07447916666666667 0.5111979166666667 0.015625 0.023958333333333335
2 0.07005208333333333 0.5190104166666667 0.058854166666666666 0.11953125
2 0.153125 0.54296875 0.07708333333333334 0.06197916666666667
2 0.54609375 0.55234375 0.0578125 0.10651041666666666
2 0.35390625 0.5588541666666667 0.0484375 0.06197916666666667
6 0.16614583333333333 0.5611979166666666 0.014583333333333334 0.018489583333333334
6 0.234375 0.6453125 0.013541666666666667 0.026041666666666668
2 0.22994791666666667 0.6458333333333334 0.03697916666666667 0.09166666666666666
2 0.43203125 0.684375 0.0578125 0.06484375
0 0.29713541666666665 0.7611979166666667 0.011979166666666667 0.026041666666666668
5 0.30104166666666665 0.7638020833333333 0.040625 0.08333333333333333
5 0.4466145833333333 0.8494791666666667 0.03802083333333333 0.07317708333333334
0 0.440625 0.87265625 0.011458333333333333 0.021354166666666667