0 0.5341145833333333 0.09947916666666666 0.0109375 0.021354166666666667
2 0.48385416666666664 0.16197916666666667 0.078125 0.109375
2 0.60234375 0.18802083333333333 0.0640625 0.18515625
0 0.47161458333333334 0.19088541666666667 0.013541666666666667 0.025
0 0.6203125 0.23229166666666667 0.009375 0.016666666666666666
2 0.509375 0.25729166666666664 0.07395833333333333 0.14453125
2 0.6833333333333333 0.25885416666666666 0.04791666666666667 0.17682291666666666
2 0.434375 0.2869791666666667 0.034375 0.12604166666666666
6 0.5109375 0.28854166666666664 0.010416666666666666 0.023177083333333334
6 0.6953125 0.3028645833333333 0.011458333333333333 0.0203125
0 0.4356770833333333 0.3268229166666667 0.013020833333333334 0.018489583333333334
2 0.6205729166666667 0.34296875 0.058854166666666666 0.09895833333333333
2 0.5372395833333333 0.34817708333333336 0.03802083333333333 0.18151041666666667
0 0.63828125 0.3763020833333333 0.009895833333333333 0.01953125
6 0.5369791666666667 0.39296875 0.010416666666666666 0.01953125
3 0.5877604166666667 0.39479166666666665 0.04114583333333333 0.13984375
3 0.5239583333333333 0.4171875 0.09166666666666666 0.13046875
2 0.45651041666666664 0.42552083333333335 0.0578125 0.13229166666666667
3 0.6184895833333334 0.42916666666666664 0.04010416666666667 0.125
6 0.5651041666666666 0.43333333333333335 0.009375 0.022135416666666668
0 0.5921875 0.453125 0.009375 0.023177083333333334
6 0.4752604166666667 0.48151041666666666 0.009895833333333333 0.016666666666666666
2 0.5364583333333334 0.06979166666666667 0.0375 0.07864583333333333
2 0.4890625 0.79453125 0.06458333333333334 0.05182291666666667
6 0.49921875 0.79453125 0.011979166666666667 0.0203125
2 0.4 0.8447916666666667 0.08229166666666667 0.08046875
0 0.42916666666666664 0.86953125 0.0125 0.0203125