2 0.9169270833333333 0.42734375 0.11927083333333334 0.04348958333333333
6 0.890625 0.42916666666666664 0.011458333333333333 0.021354166666666667
6 0.37421875 0.4322916666666667 0.008854166666666666 0.01484375
2 0.4049479166666667 0.43463541666666666 0.10677083333333333 0.05286458333333333
6 0.27057291666666666 0.44895833333333335 0.0109375 0.0203125
2 0.30052083333333335 0.459375 0.10729166666666666 0.05546875
2 0.4083333333333333 0.540625 0.11041666666666666 0.042708333333333334
6 0.3765625 0.5463541666666667 0.011458333333333333 0.0203125
6 0.2565104166666667 0.5528645833333333 0.011979166666666667 0.018489583333333334
2 0.28619791666666666 0.5559895833333334 0.11614583333333334 0.04348958333333333
3 0.96171875 0.5833333333333334 0.07552083333333333 0.15416666666666667
2 0.9848958333333333 0.5908854166666667 0.029166666666666667 0.050520833333333334
0 0.9942708333333333 0.6013020833333333 0.010416666666666666 0.016145833333333335
2 0.34401041666666665 0.615625 0.10885416666666667 0.04635416666666667
6 0.3138020833333333 0.6197916666666666 0.0109375 0.017708333333333333
6 0.24479166666666666 0.6596354166666667 0.010416666666666666 0.017708333333333333
2 0.2747395833333333 0.6606770833333333 0.09947916666666666 0.04895833333333333