5 0.3455729166666667 0.0296875 0.044270833333333336 0.059375
0 0.3575520833333333 0.03203125 0.018229166666666668 0.034375
2 0.10963541666666667 0.315625 0.06510416666666667 0.17786458333333333
6 0.11302083333333333 0.3809895833333333 0.019791666666666666 0.03619791666666667
2 0.2786458333333333 0.4239583333333333 0.11979166666666667 0.23697916666666666
6 0.30026041666666664 0.46979166666666666 0.0171875 0.03229166666666667
3 0.37265625 0.48854166666666665 0.1203125 0.09895833333333333
0 0.1125 0.5005208333333333 0.015625 0.03229166666666667
2 0.11510416666666666 0.5361979166666667 0.075 0.11302083333333333
2 0.17005208333333333 0.5447916666666667 0.050520833333333334 0.10833333333333334
3 0.26848958333333334 0.5510416666666667 0.09947916666666666 0.20729166666666668
6 0.17994791666666668 0.56484375 0.024479166666666666 0.03333333333333333
2 0.20442708333333334 0.5802083333333333 0.034895833333333334 0.09166666666666666
3 0.41067708333333336 0.59453125 0.0578125 0.13697916666666668
0 0.30755208333333334 0.6083333333333333 0.0140625 0.031510416666666666
0 0.2109375 0.6096354166666667 0.0125 0.025
5 0.6302083333333334 0.6885416666666667 0.08125 0.09895833333333333
0 0.6427083333333333 0.6971354166666667 0.01875 0.027864583333333335
5 0.23411458333333332 0.7630208333333334 0.058854166666666666 0.14817708333333332
0 0.24322916666666666 0.7921875 0.017708333333333333 0.03046875