0 0.7455729166666667 0.9388020833333334 0.011979166666666667 0.026041666666666668
5 0.7692708333333333 0.9513020833333333 0.07291666666666667 0.09713541666666667
0 0.6440104166666667 0.09895833333333333 0.013020833333333334 0.026041666666666668
6 0.7830729166666667 0.12005208333333334 0.0125 0.026822916666666665
6 0.34869791666666666 0.12083333333333333 0.009895833333333333 0.01953125
2 0.353125 0.13151041666666666 0.030208333333333334 0.057291666666666664
2 0.9734375 0.13229166666666667 0.052083333333333336 0.06354166666666666
5 0.6059895833333333 0.24348958333333334 0.09322916666666667 0.1203125
0 0.5893229166666667 0.26614583333333336 0.013020833333333334 0.023177083333333334
6 0.45234375 0.3572916666666667 0.0171875 0.027864583333333335
2 0.5916666666666667 0.36015625 0.075 0.18151041666666667
2 0.45625 0.37447916666666664 0.041666666666666664 0.10286458333333333
0 0.6080729166666666 0.409375 0.018229166666666668 0.0296875
2 0.5528645833333333 0.4778645833333333 0.0734375 0.16484375
3 0.47760416666666666 0.5166666666666667 0.06666666666666667 0.14453125
6 0.5791666666666667 0.54453125 0.015625 0.023958333333333335
2 0.30755208333333334 0.5625 0.0953125 0.13984375
6 0.37604166666666666 0.05651041666666667 0.0125 0.0203125
3 0.5302083333333333 0.5763020833333333 0.059375 0.13802083333333334
6 0.325 0.5888020833333333 0.01875 0.026041666666666668
0 0.5927083333333333 0.06666666666666667 0.013541666666666667 0.027864583333333335
3 0.5091145833333334 0.6934895833333333 0.07864583333333333 0.11119791666666666
2 0.37994791666666666 0.07734375 0.03697916666666667 0.07682291666666667
2 0.7989583333333333 0.08046875 0.07083333333333333 0.12395833333333334
2 0.5940104166666667 0.08333333333333333 0.04114583333333333 0.08697916666666666
2 0.6408854166666667 0.0921875 0.04010416666666667 0.07682291666666667