0 0.7276041666666667 0.3893229166666667 0.017708333333333333 0.028645833333333332
2 0.69140625 0.42083333333333334 0.1578125 0.134375
6 0.6013020833333333 0.440625 0.0171875 0.027864583333333335
3 0.6739583333333333 0.47369791666666666 0.11458333333333333 0.11197916666666667
2 0.5747395833333333 0.4864583333333333 0.10989583333333333 0.22682291666666668
0 0.83046875 0.5440104166666667 0.021354166666666667 0.03619791666666667
2 0.5640625 0.590625 0.07916666666666666 0.13515625
6 0.5182291666666666 0.6046875 0.017708333333333333 0.03515625
6 0.5958333333333333 0.6083333333333333 0.014583333333333334 0.03697916666666667
3 0.7877604166666666 0.6119791666666666 0.1171875 0.17213541666666668
2 0.5057291666666667 0.63046875 0.08020833333333334 0.18151041666666667
5 0.30026041666666664 0.6403645833333333 0.05364583333333333 0.09713541666666667
0 0.309375 0.6565104166666667 0.015625 0.026041666666666668
0 0.9528645833333333 0.6744791666666666 0.019270833333333334 0.03229166666666667
6 0.6161458333333333 0.6921875 0.019791666666666666 0.03619791666666667
5 0.8953125 0.70546875 0.19270833333333334 0.12395833333333334
2 0.5783854166666667 0.7190104166666667 0.13802083333333334 0.10833333333333334
2 0.6986979166666667 0.7203125 0.15364583333333334 0.17786458333333333