2 0.3416666666666667 0.94296875 0.134375 0.11380208333333333
5 0.11666666666666667 0.011979166666666667 0.08020833333333334 0.023958333333333335
0 0.6473958333333333 0.23697916666666666 0.015625 0.0296875
5 0.5869791666666667 0.24036458333333333 0.15729166666666666 0.09895833333333333
6 0.4921875 0.415625 0.016666666666666666 0.031510416666666666
2 0.44557291666666665 0.44765625 0.14947916666666666 0.11953125
3 0.6736979166666667 0.5875 0.14322916666666666 0.0546875
6 0.7307291666666667 0.5921875 0.013541666666666667 0.028645833333333332
0 0.4622395833333333 0.6052083333333333 0.018229166666666668 0.03046875
0 0.7234375 0.6244791666666667 0.021875 0.028645833333333332
2 0.409375 0.6315104166666666 0.125 0.16302083333333334
3 0.6830729166666667 0.6356770833333333 0.17135416666666667 0.051041666666666666
0 0.5736979166666667 0.6947916666666667 0.0234375 0.0453125
6 0.47161458333333334 0.7005208333333334 0.018229166666666668 0.034375
2 0.540625 0.7364583333333333 0.12604166666666666 0.15286458333333333
2 0.4359375 0.7458333333333333 0.15208333333333332 0.1453125
6 0.7177083333333333 0.7833333333333333 0.017708333333333333 0.03697916666666667
3 0.6940104166666666 0.8046875 0.12760416666666666 0.08697916666666666
0 0.6815104166666667 0.89765625 0.018229166666666668 0.03619791666666667
3 0.6424479166666667 0.9088541666666666 0.13489583333333333 0.11015625
6 0.3494791666666667 0.9130208333333333 0.022916666666666665 0.038802083333333334