2 0.7341145833333333 0.22395833333333334 0.10572916666666667 0.10546875
6 0.7721354166666666 0.23151041666666666 0.013020833333333334 0.0203125
2 0.6252604166666667 0.26614583333333336 0.09322916666666667 0.0546875
0 0.6661458333333333 0.27682291666666664 0.011458333333333333 0.0203125
2 0.7372395833333333 0.34453125 0.11302083333333333 0.109375
2 0.6356770833333333 0.3528645833333333 0.08177083333333333 0.12604166666666666
2 0.9356770833333333 0.37135416666666665 0.0640625 0.048177083333333336
0 0.76484375 0.3763020833333333 0.0140625 0.021354166666666667
0 0.8841145833333334 0.37786458333333334 0.009895833333333333 0.0203125
6 0.9635416666666666 0.3809895833333333 0.009375 0.021354166666666667
2 0.8559895833333333 0.38333333333333336 0.1078125 0.09453125
6 0.659375 0.3958333333333333 0.011458333333333333 0.021354166666666667
3 0.89765625 0.41380208333333335 0.10364583333333334 0.05546875
2 0.7434895833333334 0.48203125 0.08489583333333334 0.06953125
0 0.76171875 0.4981770833333333 0.0109375 0.0203125
2 0.45 0.69765625 0.06979166666666667 0.08619791666666667
6 0.46770833333333334 0.7130208333333333 0.011458333333333333 0.0203125