0 0.678125 0.9268229166666667 0.009375 0.0203125
6 0.8893229166666666 0.93515625 0.0109375 0.022135416666666668
2 0.7502604166666667 0.9356770833333333 0.033854166666666664 0.051041666666666666
6 0.8497395833333333 0.94296875 0.008854166666666666 0.021354166666666667
6 0.7572916666666667 0.9434895833333333 0.010416666666666666 0.0203125
2 0.9044270833333333 0.9494791666666667 0.0390625 0.07682291666666667
2 0.67734375 0.95 0.0234375 0.07786458333333333
2 0.8450520833333334 0.9565104166666667 0.03697916666666667 0.05546875
2 0.05625 0.9690104166666667 0.040625 0.0609375
2 0.029166666666666667 0.9794270833333333 0.026041666666666668 0.04010416666666667
0 0.049479166666666664 0.984375 0.010416666666666666 0.0203125
2 0.24010416666666667 0.9877604166666667 0.13125 0.0234375
0 0.20807291666666666 0.98984375 0.0140625 0.019270833333333334
0 0.021875 0.99140625 0.009375 0.016145833333333335
6 0.4421875 0.11901041666666666 0.008333333333333333 0.021354166666666667
2 0.7763020833333333 0.15729166666666666 0.09739583333333333 0.08515625
2 0.44114583333333335 0.16901041666666666 0.04895833333333333 0.165625
6 0.8111979166666666 0.17864583333333334 0.011979166666666667 0.016666666666666666
2 0.9604166666666667 0.41432291666666665 0.041666666666666664 0.08046875
6 0.96484375 0.41901041666666666 0.0140625 0.025
2 0.012239583333333333 0.46770833333333334 0.024479166666666666 0.057291666666666664
6 0.9760416666666667 0.48098958333333336 0.015625 0.017708333333333333
2 0.9736979166666667 0.49166666666666664 0.0515625 0.05416666666666667
2 0.4427083333333333 0.5302083333333333 0.034375 0.13802083333333334
6 0.4453125 0.5494791666666666 0.009375 0.021354166666666667
2 0.0546875 0.5677083333333334 0.07395833333333333 0.06848958333333334
0 0.028645833333333332 0.5708333333333333 0.013541666666666667 0.021354166666666667
2 0.9643229166666667 0.5713541666666667 0.04010416666666667 0.059375
6 0.9760416666666667 0.58203125 0.0125 0.026822916666666665
0 0.010677083333333334 0.6203125 0.0109375 0.026041666666666668
2 0.03958333333333333 0.6369791666666667 0.07916666666666666 0.08880208333333334
2 0.4309895833333333 0.8177083333333334 0.049479166666666664 0.07395833333333333
0 0.42473958333333334 0.83203125 0.0109375 0.025
0 0.5380208333333333 0.8838541666666667 0.011458333333333333 0.023177083333333334
2 0.5518229166666667 0.8989583333333333 0.05572916666666667 0.11848958333333333
6 0.91484375 0.9221354166666667 0.011979166666666667 0.018489583333333334
2 0.8799479166666667 0.9239583333333333 0.03697916666666667 0.05