2 0.7510416666666667 0.39401041666666664 0.09166666666666666 0.06953125
2 0.5247395833333334 0.39895833333333336 0.0296875 0.03697916666666667
0 0.5309895833333333 0.4 0.009895833333333333 0.022135416666666668
6 0.7119791666666667 0.4083333333333333 0.013541666666666667 0.018489583333333334
2 0.49947916666666664 0.475 0.09479166666666666 0.05182291666666667
6 0.47161458333333334 0.48515625 0.0109375 0.018489583333333334
2 0.9682291666666667 0.4875 0.05416666666666667 0.08802083333333334
0 0.9822916666666667 0.50234375 0.0125 0.021354166666666667
2 0.96953125 0.57265625 0.05364583333333333 0.05286458333333333
0 0.9825520833333333 0.5760416666666667 0.013020833333333334 0.018489583333333334
2 0.9484375 0.6231770833333333 0.10208333333333333 0.048177083333333336
0 0.9872395833333333 0.6239583333333333 0.011979166666666667 0.0203125
6 0.5643229166666667 0.6625 0.008854166666666666 0.011979166666666667
2 0.9794270833333333 0.6684895833333333 0.04010416666666667 0.0484375
0 0.9903645833333333 0.6690104166666667 0.011979166666666667 0.017708333333333333
6 0.3765625 0.6708333333333333 0.009375 0.021354166666666667
2 0.40338541666666666 0.6763020833333333 0.10572916666666667 0.03984375
3 0.5924479166666666 0.6971354166666667 0.0671875 0.09270833333333334
6 0.37161458333333336 0.7421875 0.011979166666666667 0.023177083333333334
2 0.4015625 0.7489583333333333 0.10833333333333334 0.04635416666666667
2 0.6268229166666667 0.7635416666666667 0.10677083333333333 0.04348958333333333
6 0.6033854166666667 0.7653645833333333 0.0109375 0.017708333333333333
6 0.5393229166666667 0.84296875 0.009895833333333333 0.01953125
2 0.5645833333333333 0.8528645833333334 0.10520833333333333 0.08151041666666667