3 0.3177083333333333 0.4244791666666667 0.18645833333333334 0.11380208333333333
0 0.3653645833333333 0.43515625 0.021354166666666667 0.038802083333333334
2 0.9072916666666667 0.5052083333333334 0.184375 0.17708333333333334
6 0.8958333333333334 0.5244791666666667 0.025 0.03619791666666667
3 0.4778645833333333 0.5958333333333333 0.05364583333333333 0.3046875
3 0.40859375 0.6213541666666667 0.11302083333333333 0.2630208333333333
6 0.7216145833333333 0.63984375 0.019270833333333334 0.03697916666666667
2 0.096875 0.6411458333333333 0.159375 0.23619791666666667
2 0.7791666666666667 0.6671875 0.153125 0.1546875
0 0.12005208333333334 0.7041666666666667 0.025520833333333333 0.04895833333333333
2 0.5518229166666667 0.725 0.18385416666666668 0.16302083333333334
0 0.45625 0.728125 0.020833333333333332 0.0453125
3 0.32734375 0.7856770833333333 0.1328125 0.16770833333333332
6 0.5106770833333333 0.7869791666666667 0.018229166666666668 0.03333333333333333
0 0.38359375 0.8494791666666667 0.0203125 0.041666666666666664