2 0.9091145833333333 0.92734375 0.08177083333333333 0.07864583333333333
6 0.8807291666666667 0.9309895833333334 0.013541666666666667 0.025
0 0.6359375 0.94296875 0.013541666666666667 0.01953125
3 0.659375 0.9565104166666667 0.071875 0.06484375
0 0.23776041666666667 0.23203125 0.013020833333333334 0.021354166666666667
2 0.24244791666666668 0.23984375 0.027604166666666666 0.0703125
3 0.6020833333333333 0.3416666666666667 0.059375 0.06484375
2 0.6229166666666667 0.38619791666666664 0.06770833333333333 0.040625
0 0.5192708333333333 0.41901041666666666 0.011458333333333333 0.01953125
2 0.5455729166666666 0.43463541666666666 0.06510416666666667 0.08229166666666667
3 0.6536458333333334 0.4427083333333333 0.05520833333333333 0.0703125
3 0.759375 0.44817708333333334 0.07916666666666666 0.06666666666666667
6 0.621875 0.5046875 0.010416666666666666 0.0203125
2 0.6359375 0.51015625 0.03854166666666667 0.042708333333333334
0 0.6044270833333333 0.5684895833333333 0.011979166666666667 0.016666666666666666
2 0.6588541666666666 0.5736979166666667 0.052083333333333336 0.04348958333333333
6 0.646875 0.5809895833333333 0.009375 0.017708333333333333
2 0.6041666666666666 0.5828125 0.041666666666666664 0.06015625
2 0.72265625 0.6369791666666667 0.08072916666666667 0.08151041666666667
6 0.7138020833333333 0.659375 0.011979166666666667 0.0203125
6 0.7080729166666667 0.078125 0.0171875 0.026822916666666665
2 0.740625 0.08567708333333333 0.10833333333333334 0.0453125