0 0.0671875 0.28802083333333334 0.013541666666666667 0.022135416666666668
3 0.016927083333333332 0.29583333333333334 0.033854166666666664 0.06015625
2 0.09010416666666667 0.30052083333333335 0.06354166666666666 0.07682291666666667
6 0.25416666666666665 0.3416666666666667 0.014583333333333334 0.0203125
2 0.25833333333333336 0.3536458333333333 0.035416666666666666 0.059375
3 0.015625 0.47369791666666666 0.03125 0.06197916666666667
2 0.08776041666666666 0.5 0.08072916666666667 0.061197916666666664
2 0.39088541666666665 0.5013020833333334 0.044270833333333336 0.07682291666666667
0 0.07447916666666667 0.5111979166666667 0.011458333333333333 0.0203125
2 0.2598958333333333 0.5114583333333333 0.040625 0.0546875
6 0.3893229166666667 0.5114583333333333 0.0109375 0.01953125
6 0.25390625 0.5208333333333334 0.0109375 0.023177083333333334
6 0.23984375 0.6630208333333333 0.011979166666666667 0.022135416666666668
2 0.271875 0.6833333333333333 0.10729166666666666 0.08880208333333334