6 0.44036458333333334 0.17369791666666667 0.0203125 0.03229166666666667
2 0.48072916666666665 0.18567708333333333 0.12916666666666668 0.065625
0 0.37838541666666664 0.2953125 0.011979166666666667 0.023958333333333335
2 0.41953125 0.3143229166666667 0.10052083333333334 0.07135416666666666
3 0.30911458333333336 0.328125 0.0921875 0.051041666666666666
6 0.2828125 0.39817708333333335 0.015625 0.0296875
0 0.246875 0.403125 0.0125 0.023177083333333334
2 0.31927083333333334 0.4046875 0.115625 0.09453125
6 0.4140625 0.42864583333333334 0.014583333333333334 0.027864583333333335
2 0.45 0.43984375 0.13541666666666666 0.08333333333333333
3 0.26666666666666666 0.453125 0.06041666666666667 0.165625
2 0.575 0.5671875 0.1375 0.09713541666666667
0 0.3651041666666667 0.5778645833333333 0.015625 0.023958333333333335
0 0.5450520833333333 0.58984375 0.0171875 0.0296875
6 0.3299479166666667 0.5994791666666667 0.013020833333333334 0.028645833333333332
2 0.40703125 0.6052083333333333 0.10885416666666667 0.13229166666666667
2 0.340625 0.609375 0.036458333333333336 0.04453125
5 0.6830729166666667 0.6518229166666667 0.1390625 0.09817708333333333
0 0.3033854166666667 0.7255208333333333 0.015104166666666667 0.023177083333333334
5 0.3450520833333333 0.7356770833333334 0.11614583333333334 0.08046875
0 0.6942708333333333 0.08098958333333334 0.013541666666666667 0.025
5 0.725 0.08463541666666667 0.07395833333333333 0.09166666666666666