3 0.40338541666666666 0.28098958333333335 0.09947916666666666 0.06770833333333333
3 0.2677083333333333 0.28854166666666664 0.09375 0.0953125
6 0.54921875 0.3625 0.016145833333333335 0.026822916666666665
0 0.15234375 0.3703125 0.016145833333333335 0.031510416666666666
0 0.35572916666666665 0.38046875 0.016666666666666666 0.0203125
5 0.12682291666666667 0.384375 0.12135416666666667 0.09817708333333333
3 0.3338541666666667 0.3846354166666667 0.059375 0.07864583333333333
2 0.5841145833333333 0.38515625 0.14322916666666666 0.10729166666666666
3 0.39114583333333336 0.390625 0.05416666666666667 0.13697916666666668
3 0.24322916666666666 0.4828125 0.078125 0.1046875
3 0.44869791666666664 0.51796875 0.12447916666666667 0.06770833333333333
6 0.41692708333333334 0.5239583333333333 0.015104166666666667 0.0203125
0 0.4234375 0.8114583333333333 0.016666666666666666 0.03229166666666667
5 0.44765625 0.84765625 0.06197916666666667 0.10286458333333333
5 0.5541666666666667 0.8763020833333334 0.06770833333333333 0.08046875
0 0.5658854166666667 0.8940104166666667 0.015104166666666667 0.026822916666666665