0 0.5041666666666667 0.93046875 0.0125 0.0203125
6 0.4453125 0.14348958333333334 0.0125 0.0203125
2 0.44453125 0.15703125 0.033854166666666664 0.05651041666666667
2 0.9783854166666667 0.3614583333333333 0.0421875 0.05286458333333333
0 0.984375 0.36432291666666666 0.011458333333333333 0.021354166666666667
2 0.03177083333333333 0.371875 0.05416666666666667 0.09895833333333333
6 0.035416666666666666 0.37395833333333334 0.010416666666666666 0.016666666666666666
2 0.9861979166666667 0.44583333333333336 0.0265625 0.04791666666666667
0 0.9958333333333333 0.44869791666666664 0.007291666666666667 0.0203125
6 0.034895833333333334 0.46796875 0.010416666666666666 0.017708333333333333
2 0.02890625 0.471875 0.0578125 0.06953125
2 0.98125 0.51484375 0.036458333333333336 0.07239583333333334
0 0.9893229166666667 0.5213541666666667 0.0109375 0.0203125
6 0.02734375 0.5356770833333333 0.013020833333333334 0.021354166666666667
2 0.03723958333333333 0.5388020833333333 0.03177083333333333 0.06302083333333333
2 0.46432291666666664 0.8947916666666667 0.0546875 0.075
2 0.5005208333333333 0.915625 0.027083333333333334 0.05546875
0 0.47109375 0.92265625 0.011979166666666667 0.017708333333333333