0 0.36223958333333334 0.20104166666666667 0.013020833333333334 0.0203125
2 0.37213541666666666 0.22369791666666666 0.03802083333333333 0.08229166666666667
2 0.5315104166666667 0.390625 0.0484375 0.06484375
2 0.9713541666666666 0.390625 0.05625 0.05416666666666667
0 0.5390625 0.3963541666666667 0.0125 0.022135416666666668
2 0.9041666666666667 0.5638020833333334 0.07083333333333333 0.08880208333333334
0 0.9088541666666666 0.5684895833333333 0.011458333333333333 0.0203125
2 0.98828125 0.5963541666666666 0.022395833333333334 0.07291666666666667
0 0.9708333333333333 0.6643229166666667 0.011458333333333333 0.01953125
2 0.9578125 0.6661458333333333 0.042708333333333334 0.05651041666666667
2 0.9817708333333334 0.7333333333333333 0.035416666666666666 0.08020833333333334
6 0.9830729166666666 0.8184895833333333 0.011979166666666667 0.023958333333333335
2 0.9614583333333333 0.8208333333333333 0.057291666666666664 0.051041666666666666
2 0.8973958333333333 0.8690104166666667 0.09895833333333333 0.05651041666666667
6 0.9234375 0.8744791666666667 0.013541666666666667 0.026822916666666665