6 0.61640625 0.9614583333333333 0.009895833333333333 0.013802083333333333
3 0.6440104166666667 0.9684895833333333 0.09635416666666667 0.04635416666666667
2 0.6244791666666667 0.3963541666666667 0.10416666666666667 0.08333333333333333
0 0.5953125 0.41380208333333335 0.010416666666666666 0.016666666666666666
0 0.77109375 0.43203125 0.013020833333333334 0.01953125
2 0.7833333333333333 0.44479166666666664 0.08333333333333333 0.07317708333333334
2 0.9135416666666667 0.446875 0.040625 0.07317708333333334
0 0.9119791666666667 0.45416666666666666 0.013541666666666667 0.025
0 0.7580729166666667 0.4828125 0.008854166666666666 0.01953125
2 0.7627604166666667 0.4934895833333333 0.033854166666666664 0.05364583333333333
6 0.84453125 0.521875 0.0109375 0.017708333333333333
2 0.834375 0.53203125 0.052083333333333336 0.08229166666666667
0 0.7270833333333333 0.5989583333333334 0.010416666666666666 0.022135416666666668
2 0.8924479166666667 0.5994791666666667 0.0328125 0.04895833333333333
2 0.7479166666666667 0.6111979166666667 0.09895833333333333 0.059375
6 0.90234375 0.6143229166666667 0.009895833333333333 0.017708333333333333
6 0.903125 0.6697916666666667 0.010416666666666666 0.023177083333333334
2 0.88671875 0.6796875 0.04739583333333333 0.07213541666666666
2 0.6520833333333333 0.8041666666666667 0.034375 0.06953125
6 0.653125 0.8190104166666666 0.010416666666666666 0.017708333333333333