6 0.29401041666666666 0.24296875 0.018229166666666668 0.03046875
3 0.3723958333333333 0.25104166666666666 0.08229166666666667 0.09817708333333333
0 0.51484375 0.26666666666666666 0.015104166666666667 0.027864583333333335
3 0.26666666666666666 0.2791666666666667 0.10729166666666666 0.13619791666666667
6 0.41875 0.2875 0.019791666666666666 0.026822916666666665
3 0.5395833333333333 0.29713541666666665 0.090625 0.11484375
3 0.3567708333333333 0.31015625 0.08645833333333333 0.09817708333333333
2 0.4049479166666667 0.3572916666666667 0.0671875 0.2203125
3 0.3140625 0.37265625 0.06354166666666666 0.13984375
2 0.36223958333333334 0.0390625 0.10364583333333334 0.078125
6 0.28203125 0.4703125 0.015104166666666667 0.026041666666666668
3 0.2950520833333333 0.5036458333333333 0.04635416666666667 0.11666666666666667
0 0.41875 0.51953125 0.014583333333333334 0.027864583333333335
2 0.4276041666666667 0.5885416666666666 0.03958333333333333 0.21197916666666666
0 0.63515625 0.5994791666666667 0.0140625 0.025
0 0.31276041666666665 0.6513020833333333 0.0140625 0.026822916666666665
5 0.3494791666666667 0.6611979166666667 0.09270833333333334 0.0796875
5 0.64453125 0.6614583333333334 0.0515625 0.25104166666666666