5 0.6588541666666666 0.09869791666666666 0.134375 0.07682291666666667
2 0.3268229166666667 0.18020833333333333 0.10052083333333334 0.08802083333333334
6 0.3697916666666667 0.18984375 0.013541666666666667 0.0296875
6 0.7229166666666667 0.026041666666666668 0.016666666666666666 0.03697916666666667
6 0.8497395833333333 0.278125 0.013020833333333334 0.021354166666666667
0 0.8755208333333333 0.3171875 0.010416666666666666 0.01953125
3 0.846875 0.34869791666666666 0.042708333333333334 0.16953125
3 0.8768229166666667 0.36953125 0.030729166666666665 0.19453125
2 0.6838541666666667 0.0421875 0.12395833333333334 0.07682291666666667
6 0.43359375 0.43020833333333336 0.015104166666666667 0.023177083333333334
0 0.6296875 0.44583333333333336 0.013541666666666667 0.025
2 0.3963541666666667 0.44765625 0.11666666666666667 0.11380208333333333
2 0.5901041666666667 0.4671875 0.13020833333333334 0.084375
2 0.70390625 0.4744791666666667 0.07135416666666666 0.11380208333333333
0 0.60859375 0.5380208333333333 0.0109375 0.016666666666666666
2 0.5729166666666666 0.5739583333333333 0.08333333333333333 0.09270833333333334
0 0.7270833333333333 0.609375 0.015625 0.026041666666666668
2 0.6979166666666666 0.63046875 0.121875 0.0703125
0 0.4903645833333333 0.7510416666666667 0.0109375 0.03515625
0 0.6963541666666667 0.07734375 0.014583333333333334 0.025
0 0.8822916666666667 0.7708333333333334 0.0125 0.03229166666666667
5 0.44583333333333336 0.7731770833333333 0.10208333333333333 0.08880208333333334
5 0.8356770833333333 0.825 0.10677083333333333 0.13880208333333333