6 0.5294270833333333 0.5458333333333333 0.0109375 0.017708333333333333
2 0.49609375 0.55234375 0.10885416666666667 0.06015625
2 0.6856770833333333 0.5755208333333334 0.08697916666666666 0.08619791666666667
0 0.5432291666666667 0.6046875 0.011458333333333333 0.018489583333333334
2 0.5104166666666666 0.60546875 0.12916666666666668 0.057291666666666664
6 0.5544270833333333 0.6833333333333333 0.011979166666666667 0.022135416666666668
0 0.6380208333333334 0.6921875 0.010416666666666666 0.01953125
2 0.51796875 0.7 0.11197916666666667 0.09270833333333334
2 0.6046875 0.7041666666666667 0.10729166666666666 0.06770833333333333
3 0.6802083333333333 0.7083333333333334 0.08333333333333333 0.11666666666666667
3 0.6950520833333333 0.7463541666666667 0.0921875 0.11666666666666667
0 0.6466145833333333 0.7583333333333333 0.015104166666666667 0.022135416666666668
0 0.6557291666666667 0.7921875 0.0125 0.021354166666666667
2 0.47734375 0.80703125 0.049479166666666664 0.084375
6 0.4822916666666667 0.8184895833333333 0.010416666666666666 0.0203125