2 0.721875 0.14895833333333333 0.07604166666666666 0.12604166666666666
0 0.73984375 0.17786458333333333 0.0140625 0.023958333333333335
2 0.6846354166666667 0.278125 0.10260416666666666 0.16197916666666667
3 0.85703125 0.28046875 0.0734375 0.13333333333333333
3 0.6583333333333333 0.28098958333333335 0.036458333333333336 0.15286458333333333
6 0.6575520833333334 0.29583333333333334 0.0140625 0.028645833333333332
0 0.72421875 0.30885416666666665 0.011979166666666667 0.025
3 0.82578125 0.32317708333333334 0.08697916666666666 0.11666666666666667
0 0.8861979166666667 0.3263020833333333 0.013020833333333334 0.03046875
2 0.6950520833333333 0.3328125 0.06822916666666666 0.11015625
0 0.6510416666666666 0.346875 0.011458333333333333 0.01953125
6 0.8505208333333333 0.36015625 0.013541666666666667 0.023958333333333335
3 0.8033854166666666 0.43697916666666664 0.10989583333333333 0.09817708333333333
5 0.6390625 0.5411458333333333 0.05 0.08619791666666667
0 0.6559895833333333 0.5588541666666667 0.0140625 0.025
0 0.9796875 0.5731770833333333 0.016666666666666666 0.031510416666666666
5 0.96484375 0.5794270833333334 0.06927083333333334 0.10651041666666666