2 0.5026041666666666 0.11067708333333333 0.028125 0.06015625
2 0.047135416666666666 0.38385416666666666 0.07239583333333334 0.047135416666666666
6 0.054947916666666666 0.38567708333333334 0.0140625 0.017708333333333333
2 0.078125 0.46380208333333334 0.109375 0.07395833333333333
2 0.9434895833333333 0.46640625 0.11197916666666667 0.058854166666666666
6 0.004427083333333333 0.4703125 0.008854166666666666 0.0203125
2 0.01015625 0.47213541666666664 0.0203125 0.038802083333333334
6 0.09921875 0.47265625 0.0109375 0.021354166666666667
0 0.9234375 0.4791666666666667 0.019791666666666666 0.025
2 0.057291666666666664 0.5588541666666667 0.10104166666666667 0.075
0 0.9182291666666667 0.56796875 0.015625 0.01953125
2 0.9361979166666666 0.5697916666666667 0.09322916666666667 0.03984375
6 0.08229166666666667 0.5760416666666667 0.013541666666666667 0.0203125
2 0.99453125 0.5921875 0.009895833333333333 0.03854166666666667
0 0.5013020833333334 0.0921875 0.0109375 0.021354166666666667