2 0.6177083333333333 0.12135416666666667 0.13333333333333333 0.09817708333333333
0 0.5203125 0.13645833333333332 0.01875 0.026822916666666665
2 0.5393229166666667 0.18854166666666666 0.0796875 0.13984375
0 0.3731770833333333 0.2760416666666667 0.0171875 0.027864583333333335
0 0.4947916666666667 0.278125 0.014583333333333334 0.023177083333333334
2 0.41432291666666665 0.28619791666666666 0.0984375 0.06666666666666667
2 0.5338541666666666 0.30833333333333335 0.11666666666666667 0.09817708333333333
6 0.41458333333333336 0.37083333333333335 0.017708333333333333 0.026822916666666665
2 0.4466145833333333 0.37213541666666666 0.13177083333333334 0.07213541666666666
0 0.7927083333333333 0.4861979166666667 0.015625 0.026041666666666668
5 0.8174479166666667 0.5510416666666667 0.11927083333333334 0.15729166666666666
0 0.6346354166666667 0.5588541666666667 0.018229166666666668 0.03619791666666667
6 0.6083333333333333 0.5953125 0.01875 0.03515625
2 0.66796875 0.5994791666666667 0.1046875 0.12682291666666667
2 0.6354166666666666 0.6130208333333333 0.11770833333333333 0.09635416666666667
0 0.46953125 0.6828125 0.015104166666666667 0.025
5 0.5057291666666667 0.71484375 0.11770833333333333 0.09635416666666667
6 0.58671875 0.09166666666666666 0.021354166666666667 0.026041666666666668