3 0.4625 0.14401041666666667 0.08854166666666667 0.0453125
2 0.2546875 0.19270833333333334 0.11041666666666666 0.08151041666666667
0 0.28958333333333336 0.20052083333333334 0.013541666666666667 0.025
0 0.4234375 0.20729166666666668 0.011458333333333333 0.023958333333333335
2 0.39739583333333334 0.20963541666666666 0.08854166666666667 0.051041666666666666
0 0.3307291666666667 0.22213541666666667 0.014583333333333334 0.023958333333333335
2 0.3109375 0.23515625 0.09895833333333333 0.06666666666666667
6 0.22760416666666666 0.2625 0.011458333333333333 0.017708333333333333
2 0.20729166666666668 0.26614583333333336 0.09791666666666667 0.03984375
5 0.41015625 0.0296875 0.07447916666666667 0.057291666666666664
0 0.328125 0.3203125 0.011458333333333333 0.016666666666666666
2 0.7994791666666666 0.032552083333333336 0.034375 0.06510416666666667
2 0.30546875 0.32786458333333335 0.0859375 0.05182291666666667
6 0.18203125 0.39895833333333336 0.018229166666666668 0.027864583333333335
2 0.16276041666666666 0.40130208333333334 0.10572916666666667 0.11380208333333333
6 0.4947916666666667 0.5736979166666667 0.010416666666666666 0.01953125
5 0.46770833333333334 0.5763020833333333 0.10833333333333334 0.051041666666666666
2 0.30052083333333335 0.06067708333333333 0.0125 0.021354166666666667
5 0.17786458333333333 0.6588541666666666 0.06510416666666667 0.08046875
2 0.2942708333333333 0.06848958333333334 0.065625 0.05182291666666667
6 0.8096354166666667 0.008854166666666666 0.015104166666666667 0.017708333333333333