2 0.9221354166666667 0.9588541666666667 0.10677083333333333 0.05286458333333333
6 0.8958333333333334 0.959375 0.010416666666666666 0.016666666666666666
6 0.83515625 0.29348958333333336 0.016145833333333335 0.0203125
2 0.7986979166666667 0.3 0.08802083333333334 0.061197916666666664
2 0.03463541666666667 0.3802083333333333 0.06927083333333334 0.08046875
0 0.02734375 0.39114583333333336 0.0140625 0.025
2 0.8330729166666667 0.42135416666666664 0.10364583333333334 0.05
6 0.8651041666666667 0.43333333333333335 0.0125 0.018489583333333334
2 0.93984375 0.43515625 0.0796875 0.08880208333333334
6 0.9651041666666667 0.4513020833333333 0.015625 0.021354166666666667
0 0.029166666666666667 0.453125 0.011458333333333333 0.021354166666666667
2 0.04895833333333333 0.46119791666666665 0.06041666666666667 0.06848958333333334
2 0.021875 0.4828125 0.04375 0.065625
0 0.00546875 0.49114583333333334 0.0109375 0.021354166666666667
3 0.4903645833333333 0.50234375 0.0328125 0.05651041666666667
6 0.49505208333333334 0.5041666666666667 0.0109375 0.01953125
2 0.8763020833333334 0.5453125 0.1140625 0.04635416666666667
6 0.9078125 0.546875 0.010416666666666666 0.01953125