2 0.7973958333333333 0.9796875 0.05625 0.03958333333333333
0 0.7934895833333333 0.9932291666666667 0.0109375 0.0125
2 0.4828125 0.31302083333333336 0.06666666666666667 0.0796875
6 0.49140625 0.3203125 0.013020833333333334 0.0203125
2 0.1234375 0.5088541666666667 0.1 0.06953125
6 0.14817708333333332 0.509375 0.013020833333333334 0.022135416666666668
0 0.92890625 0.5236979166666667 0.009895833333333333 0.021354166666666667
2 0.9526041666666667 0.5244791666666667 0.09375 0.04791666666666667
2 0.890625 0.56953125 0.10520833333333333 0.059375
0 0.06953125 0.603125 0.018229166666666668 0.01953125
2 0.049479166666666664 0.6046875 0.09895833333333333 0.06484375
2 0.23671875 0.6119791666666666 0.11302083333333333 0.061197916666666664
6 0.26588541666666665 0.6135416666666667 0.018229166666666668 0.021354166666666667
2 0.1078125 0.6346354166666667 0.11666666666666667 0.06015625
6 0.13177083333333334 0.6385416666666667 0.026041666666666668 0.01953125
0 0.8692708333333333 0.6486979166666667 0.013541666666666667 0.015625
2 0.8934895833333333 0.653125 0.10677083333333333 0.0453125
2 0.47578125 0.8427083333333333 0.0234375 0.07213541666666666
6 0.4765625 0.8643229166666667 0.011458333333333333 0.01953125