2 0.478125 0.9421875 0.03229166666666667 0.08802083333333334
0 0.4765625 0.9708333333333333 0.010416666666666666 0.01953125
2 0.9325520833333333 0.41380208333333335 0.12239583333333333 0.059375
0 0.9049479166666666 0.41953125 0.011979166666666667 0.018489583333333334
6 0.2171875 0.42682291666666666 0.0125 0.018489583333333334
2 0.1859375 0.42916666666666664 0.11875 0.051041666666666666
3 0.7356770833333334 0.49765625 0.10885416666666667 0.058333333333333334
0 0.7088541666666667 0.50703125 0.014583333333333334 0.01953125
2 0.034895833333333334 0.5072916666666667 0.06979166666666667 0.040625
6 0.03619791666666667 0.5088541666666667 0.0140625 0.017708333333333333
2 0.28984375 0.5291666666666667 0.11614583333333334 0.041666666666666664
6 0.32135416666666666 0.5361979166666667 0.011458333333333333 0.0203125
0 0.7760416666666666 0.5981770833333333 0.013541666666666667 0.0203125
6 0.21796875 0.6010416666666667 0.013020833333333334 0.023958333333333335
2 0.8013020833333333 0.6041666666666666 0.12864583333333332 0.07864583333333333
2 0.18333333333333332 0.6041666666666666 0.12291666666666666 0.041666666666666664
0 0.8875 0.6221354166666667 0.010416666666666666 0.022135416666666668
2 0.9205729166666666 0.6421875 0.11614583333333334 0.10651041666666666