2 0.4388020833333333 0.9578125 0.0453125 0.06197916666666667
0 0.4513020833333333 0.9671875 0.011979166666666667 0.025
6 0.4979166666666667 0.16380208333333332 0.010416666666666666 0.022135416666666668
2 0.4934895833333333 0.17916666666666667 0.024479166666666666 0.08619791666666667
6 0.059895833333333336 0.3736979166666667 0.015625 0.017708333333333333
2 0.05625 0.37786458333333334 0.06979166666666667 0.08151041666666667
0 0.9885416666666667 0.40130208333333334 0.0125 0.01953125
2 0.9802083333333333 0.40338541666666666 0.03854166666666667 0.0515625
6 0.020572916666666666 0.40729166666666666 0.011979166666666667 0.018489583333333334
2 0.02890625 0.4244791666666667 0.0359375 0.075
2 0.01875 0.47213541666666664 0.0375 0.04453125
2 0.06276041666666667 0.4739583333333333 0.08072916666666667 0.05
6 0.008333333333333333 0.4744791666666667 0.015625 0.021354166666666667
6 0.07161458333333333 0.475 0.015104166666666667 0.0203125
0 0.99140625 0.4869791666666667 0.015104166666666667 0.0203125
2 0.9794270833333333 0.4875 0.04010416666666667 0.05520833333333333
2 0.012239583333333333 0.54453125 0.024479166666666666 0.042708333333333334
6 0.03723958333333333 0.55 0.013020833333333334 0.0203125
2 0.04895833333333333 0.55234375 0.04375 0.07317708333333334
2 0.9565104166666667 0.5684895833333333 0.05260416666666667 0.07786458333333333
0 0.959375 0.57265625 0.010416666666666666 0.017708333333333333
2 0.49505208333333334 0.8708333333333333 0.025520833333333333 0.07135416666666666
0 0.4979166666666667 0.8916666666666667 0.010416666666666666 0.026041666666666668