6 0.8080729166666667 0.013020833333333334 0.013020833333333334 0.016666666666666666
2 0.66015625 0.15182291666666667 0.0609375 0.07604166666666666
6 0.6455729166666667 0.15520833333333334 0.0109375 0.025
2 0.33828125 0.019010416666666665 0.025520833333333333 0.03802083333333333
0 0.4671875 0.1875 0.009375 0.021354166666666667
5 0.465625 0.19817708333333334 0.06145833333333333 0.07786458333333333
2 0.3104166666666667 0.021875 0.029166666666666667 0.04348958333333333
2 0.5059895833333333 0.02265625 0.03802083333333333 0.0453125
2 0.8015625 0.0375 0.040625 0.06770833333333333
0 0.6984375 0.38515625 0.010416666666666666 0.018489583333333334
2 0.721875 0.39348958333333334 0.11041666666666666 0.07395833333333333
3 0.32526041666666666 0.4421875 0.0890625 0.04895833333333333
6 0.34609375 0.4505208333333333 0.009895833333333333 0.021354166666666667
2 0.22630208333333332 0.4671875 0.09322916666666667 0.03984375
0 0.7369791666666666 0.471875 0.011458333333333333 0.017708333333333333
6 0.24765625 0.4739583333333333 0.011979166666666667 0.022135416666666668
2 0.7611979166666667 0.4778645833333333 0.0921875 0.06302083333333333
2 0.5526041666666667 0.48984375 0.08020833333333334 0.040625
0 0.5184895833333333 0.49609375 0.0109375 0.022135416666666668
6 0.17161458333333332 0.49635416666666665 0.009895833333333333 0.018489583333333334
2 0.14947916666666666 0.49765625 0.10208333333333333 0.041666666666666664
2 0.07161458333333333 0.53046875 0.09114583333333333 0.04453125
6 0.09192708333333334 0.5315104166666667 0.0109375 0.0203125
2 0.6182291666666667 0.56015625 0.08125 0.038802083333333334
2 0.5856770833333333 0.56484375 0.0109375 0.022135416666666668
0 0.37395833333333334 0.7755208333333333 0.010416666666666666 0.013802083333333333
5 0.3692708333333333 0.7869791666666667 0.023958333333333335 0.04635416666666667
0 0.5143229166666666 0.8239583333333333 0.0109375 0.018489583333333334
5 0.5151041666666667 0.8291666666666667 0.04791666666666667 0.06197916666666667