3 0.19791666666666666 0.2786458333333333 0.084375 0.159375
3 0.26328125 0.41067708333333336 0.11510416666666666 0.09895833333333333
5 0.35703125 0.04453125 0.08489583333333334 0.08880208333333334
3 0.13046875 0.4791666666666667 0.07552083333333333 0.19166666666666668
5 0.6598958333333333 0.48932291666666666 0.1 0.165625
0 0.36171875 0.48932291666666666 0.0171875 0.03046875
2 0.39765625 0.490625 0.15572916666666667 0.06848958333333334
0 0.34088541666666666 0.05286458333333333 0.016145833333333335 0.03697916666666667
0 0.6197916666666666 0.5322916666666667 0.014583333333333334 0.027864583333333335
3 0.21223958333333334 0.5614583333333333 0.09739583333333333 0.13984375
3 0.3645833333333333 0.58515625 0.10729166666666666 0.12604166666666666
0 0.31875 0.5864583333333333 0.016666666666666666 0.027864583333333335
3 0.11770833333333333 0.6078125 0.065625 0.16015625
2 0.33697916666666666 0.6578125 0.06145833333333333 0.225
0 0.27005208333333336 0.8828125 0.015104166666666667 0.03619791666666667
5 0.3234375 0.9028645833333333 0.14895833333333333 0.1203125