6 0.43854166666666666 0.9541666666666667 0.009375 0.013802083333333333
2 0.4588541666666667 0.9552083333333333 0.08333333333333333 0.03619791666666667
0 0.4856770833333333 0.17630208333333333 0.009895833333333333 0.015625
5 0.48385416666666664 0.18984375 0.026041666666666668 0.04635416666666667
2 0.10651041666666666 0.4 0.0296875 0.05546875
6 0.103125 0.4010416666666667 0.009375 0.0203125
6 0.10885416666666667 0.4713541666666667 0.009375 0.016666666666666666
6 0.04921875 0.47213541666666664 0.009895833333333333 0.01484375
2 0.06145833333333333 0.47604166666666664 0.035416666666666666 0.04453125
2 0.11640625 0.47630208333333335 0.033854166666666664 0.05286458333333333
0 0.9002604166666667 0.48151041666666666 0.009895833333333333 0.016666666666666666
2 0.9106770833333333 0.48151041666666666 0.0640625 0.08333333333333333
0 0.9807291666666667 0.4934895833333333 0.009375 0.018489583333333334
2 0.9729166666666667 0.49713541666666666 0.030208333333333334 0.10364583333333334
2 0.9059895833333333 0.5635416666666667 0.0328125 0.08984375
0 0.9106770833333333 0.5661458333333333 0.009895833333333333 0.015625
2 0.9658854166666667 0.56953125 0.0671875 0.061197916666666664
6 0.11197916666666667 0.571875 0.011458333333333333 0.015625
0 0.9513020833333333 0.575 0.011979166666666667 0.016666666666666666
2 0.12005208333333334 0.575 0.04010416666666667 0.08333333333333333