3 0.6322916666666667 0.346875 0.07916666666666666 0.18619791666666666
2 0.4276041666666667 0.37786458333333334 0.1 0.14453125
0 0.44895833333333335 0.4166666666666667 0.015625 0.026041666666666668
3 0.6388020833333333 0.5505208333333333 0.0546875 0.12135416666666667
5 0.4934895833333333 0.5536458333333333 0.11302083333333333 0.1
0 0.6083333333333333 0.5552083333333333 0.014583333333333334 0.026822916666666665
2 0.6002604166666666 0.559375 0.044270833333333336 0.10182291666666667
0 0.44427083333333334 0.5611979166666666 0.011458333333333333 0.026041666666666668
3 0.5708333333333333 0.61015625 0.0625 0.10546875
5 0.7234375 0.61484375 0.06458333333333334 0.2
0 0.6658854166666667 0.6184895833333334 0.0109375 0.027864583333333335
2 0.6260416666666667 0.628125 0.09791666666666667 0.1046875
0 0.72890625 0.65234375 0.013020833333333334 0.028645833333333332