2 0.5088541666666667 0.94453125 0.05625 0.057291666666666664
0 0.5260416666666666 0.95703125 0.011458333333333333 0.021354166666666667
2 0.47760416666666666 0.10104166666666667 0.05416666666666667 0.11484375
0 0.48854166666666665 0.1125 0.011458333333333333 0.026822916666666665
0 0.47682291666666665 0.33932291666666664 0.0078125 0.021354166666666667
2 0.45078125 0.36666666666666664 0.0671875 0.09817708333333333
6 0.5533854166666666 0.3703125 0.008854166666666666 0.018489583333333334
0 0.39088541666666665 0.4005208333333333 0.011979166666666667 0.021354166666666667
2 0.5684895833333333 0.40234375 0.06927083333333334 0.11770833333333333
3 0.36432291666666666 0.42552083333333335 0.08489583333333334 0.1046875
3 0.6966145833333334 0.42734375 0.08072916666666667 0.07135416666666666
0 0.49140625 0.44947916666666665 0.008854166666666666 0.017708333333333333
2 0.18828125 0.46432291666666664 0.09322916666666667 0.09713541666666667
0 0.21458333333333332 0.4666666666666667 0.013541666666666667 0.018489583333333334
2 0.5661458333333333 0.46953125 0.07395833333333333 0.07395833333333333
6 0.7385416666666667 0.4739583333333333 0.0125 0.018489583333333334
2 0.765625 0.4786458333333333 0.1125 0.07395833333333333
2 0.4783854166666667 0.49114583333333334 0.0546875 0.125
0 0.3453125 0.5346354166666667 0.011458333333333333 0.01953125
2 0.31666666666666665 0.5369791666666667 0.10104166666666667 0.0703125
6 0.5684895833333333 0.5510416666666667 0.009895833333333333 0.0203125
2 0.5864583333333333 0.5518229166666667 0.07395833333333333 0.057291666666666664
2 0.75625 0.5653645833333333 0.084375 0.06953125
6 0.72265625 0.5802083333333333 0.008854166666666666 0.021354166666666667
0 0.4518229166666667 0.5822916666666667 0.0109375 0.0203125
3 0.42682291666666666 0.5947916666666667 0.09010416666666667 0.0546875
6 0.4734375 0.7927083333333333 0.010416666666666666 0.016666666666666666
2 0.4747395833333333 0.8041666666666667 0.03802083333333333 0.06197916666666667