0 0.43854166666666666 0.014322916666666666 0.015625 0.028645833333333332
2 0.15989583333333332 0.3078125 0.1625 0.18046875
6 0.20442708333333334 0.34479166666666666 0.018229166666666668 0.03802083333333333
2 0.11979166666666667 0.38333333333333336 0.11354166666666667 0.25546875
2 0.2421875 0.4440104166666667 0.1375 0.18046875
2 0.44557291666666665 0.04453125 0.03177083333333333 0.08880208333333334
0 0.12864583333333332 0.44869791666666664 0.021875 0.028645833333333332
6 0.27838541666666666 0.4739583333333333 0.0171875 0.03515625
2 0.43515625 0.4786458333333333 0.1203125 0.22213541666666667
2 0.2296875 0.5072916666666667 0.11666666666666667 0.17213541666666668
0 0.2520833333333333 0.54453125 0.01875 0.03333333333333333
6 0.46901041666666665 0.5494791666666666 0.0171875 0.034375
0 0.6921875 0.55703125 0.014583333333333334 0.034375
5 0.6885416666666667 0.5708333333333333 0.07604166666666666 0.18984375
3 0.4171875 0.6463541666666667 0.09375 0.13333333333333333
2 0.35598958333333336 0.6606770833333333 0.07135416666666666 0.10833333333333334
0 0.37890625 0.67265625 0.0171875 0.03229166666666667
5 0.35572916666666665 0.8315104166666667 0.13229166666666667 0.22604166666666667
0 0.3953125 0.903125 0.019791666666666666 0.03619791666666667