0 0.4401041666666667 0.42630208333333336 0.028125 0.0453125
3 0.9028645833333333 0.5106770833333333 0.07239583333333334 0.36380208333333336
6 0.8807291666666667 0.5958333333333333 0.021875 0.04348958333333333
3 0.73203125 0.63046875 0.1765625 0.18697916666666667
3 0.45260416666666664 0.6653645833333334 0.046875 0.28229166666666666
3 0.4921875 0.6653645833333334 0.07604166666666666 0.275
2 0.16380208333333332 0.6684895833333333 0.15885416666666666 0.3296875
6 0.6703125 0.6947916666666667 0.022916666666666665 0.03802083333333333
3 0.5145833333333333 0.7546875 0.12083333333333333 0.2630208333333333
0 0.20833333333333334 0.76484375 0.020833333333333332 0.040625
3 0.3875 0.7809895833333333 0.121875 0.275
0 0.45703125 0.7838541666666666 0.022395833333333334 0.034375
6 0.47942708333333334 0.7880208333333333 0.0140625 0.0296875
0 0.47421875 0.8578125 0.0234375 0.0546875
2 0.14296875 0.0890625 0.13802083333333334 0.178125
0 0.43203125 0.8911458333333333 0.025520833333333333 0.05286458333333333