2 0.5552083333333333 0.21953125 0.08020833333333334 0.12395833333333334
0 0.5635416666666667 0.21953125 0.015625 0.026041666666666668
0 0.62890625 0.3338541666666667 0.0171875 0.026822916666666665
2 0.6270833333333333 0.353125 0.058333333333333334 0.09348958333333333
3 0.5122395833333333 0.3546875 0.0796875 0.11848958333333333
0 0.4317708333333333 0.37552083333333336 0.010416666666666666 0.021354166666666667
3 0.56015625 0.4078125 0.0453125 0.08619791666666667
3 0.41770833333333335 0.4231770833333333 0.0875 0.18333333333333332
2 0.67109375 0.42682291666666666 0.1015625 0.12604166666666666
6 0.63515625 0.4278645833333333 0.016145833333333335 0.027864583333333335
2 0.5731770833333333 0.4708333333333333 0.07447916666666667 0.08619791666666667
0 0.5919270833333333 0.4713541666666667 0.018229166666666668 0.0296875
6 0.6661458333333333 0.5619791666666667 0.015625 0.022135416666666668
2 0.6598958333333333 0.58515625 0.051041666666666666 0.13333333333333333