0 0.2359375 0.196875 0.015625 0.025
5 0.27630208333333334 0.209375 0.13177083333333334 0.06666666666666667
0 0.34427083333333336 0.5083333333333333 0.014583333333333334 0.023958333333333335
2 0.37942708333333336 0.5322916666666667 0.1140625 0.08515625
0 0.09661458333333334 0.5380208333333333 0.013020833333333334 0.022135416666666668
3 0.13645833333333332 0.5552083333333333 0.09791666666666667 0.06380208333333333
6 0.3416666666666667 0.5833333333333334 0.014583333333333334 0.026041666666666668
6 0.478125 0.60234375 0.014583333333333334 0.028645833333333332
2 0.371875 0.6125 0.13333333333333333 0.11015625
2 0.5171875 0.6231770833333333 0.09791666666666667 0.11302083333333333
3 0.17109375 0.6244791666666667 0.13489583333333333 0.05286458333333333
0 0.12994791666666666 0.6291666666666667 0.016145833333333335 0.023177083333333334
6 0.27682291666666664 0.6458333333333334 0.018229166666666668 0.028645833333333332
2 0.31927083333333334 0.665625 0.10625 0.0796875
0 0.1421875 0.66953125 0.0125 0.026041666666666668
2 0.18828125 0.69453125 0.10677083333333333 0.07604166666666666
0 0.053125 0.7046875 0.017708333333333333 0.027864583333333335
5 0.10182291666666667 0.7338541666666667 0.1140625 0.09348958333333333
5 0.6158854166666666 0.7552083333333334 0.13385416666666666 0.09713541666666667
0 0.5731770833333333 0.784375 0.016145833333333335 0.027864583333333335