2 0.4895833333333333 0.11432291666666666 0.05416666666666667 0.065625
6 0.49322916666666666 0.12630208333333334 0.010416666666666666 0.021354166666666667
0 0.6716145833333333 0.2986979166666667 0.011979166666666667 0.015625
2 0.6861979166666666 0.3028645833333333 0.06822916666666666 0.05
2 0.184375 0.3028645833333333 0.10104166666666667 0.06848958333333334
6 0.20703125 0.31614583333333335 0.009895833333333333 0.017708333333333333
2 0.31692708333333336 0.34296875 0.08697916666666666 0.047135416666666666
2 0.7588541666666667 0.3614583333333333 0.10520833333333333 0.047135416666666666
0 0.7328125 0.36614583333333334 0.0125 0.01953125
2 0.17890625 0.40729166666666666 0.11510416666666666 0.05546875
6 0.2046875 0.41015625 0.011458333333333333 0.018489583333333334
3 0.6010416666666667 0.41380208333333335 0.09270833333333334 0.038802083333333334
0 0.5807291666666666 0.41770833333333335 0.011458333333333333 0.016666666666666666
0 0.8447916666666667 0.43984375 0.008333333333333333 0.018489583333333334
2 0.8791666666666667 0.44166666666666665 0.08333333333333333 0.06848958333333334
2 0.3377604166666667 0.4427083333333333 0.058854166666666666 0.05
2 0.18880208333333334 0.4546875 0.08697916666666666 0.04453125
6 0.2203125 0.4578125 0.011458333333333333 0.017708333333333333
2 0.7997395833333333 0.46380208333333334 0.10364583333333334 0.04635416666666667
0 0.77421875 0.4713541666666667 0.011979166666666667 0.022135416666666668
3 0.6294270833333333 0.4940104166666667 0.08697916666666666 0.051041666666666666
0 0.6122395833333333 0.5046875 0.008854166666666666 0.018489583333333334
2 0.33046875 0.5065104166666666 0.0765625 0.040625
0 0.4942708333333333 0.65234375 0.011458333333333333 0.013802083333333333
2 0.49921875 0.67734375 0.05572916666666667 0.065625
2 0.5947916666666667 0.86953125 0.075 0.061197916666666664
0 0.5830729166666667 0.8802083333333334 0.015104166666666667 0.021354166666666667