0 0.7390625 0.09453125 0.016666666666666666 0.027864583333333335
5 0.6979166666666666 0.09479166666666666 0.1125 0.11197916666666667
3 0.9302083333333333 0.14114583333333333 0.13854166666666667 0.171875
0 0.9770833333333333 0.16536458333333334 0.015625 0.03046875
0 0.4669270833333333 0.22213541666666667 0.011979166666666667 0.018489583333333334
5 0.43255208333333334 0.24166666666666667 0.09635416666666667 0.10364583333333334
2 0.25755208333333335 0.28463541666666664 0.1796875 0.14713541666666666
2 0.8734375 0.3072916666666667 0.15416666666666667 0.09270833333333334
6 0.8052083333333333 0.31536458333333334 0.017708333333333333 0.03619791666666667
6 0.20182291666666666 0.3190104166666667 0.018229166666666668 0.028645833333333332
2 0.7401041666666667 0.033854166666666664 0.0875 0.06770833333333333
0 0.4986979166666667 0.378125 0.016145833333333335 0.03046875
2 0.53984375 0.403125 0.1296875 0.09166666666666666
2 0.9114583333333334 0.6388020833333333 0.08333333333333333 0.08515625
0 0.9427083333333334 0.6583333333333333 0.020833333333333332 0.038802083333333334
6 0.8106770833333333 0.7005208333333334 0.019270833333333334 0.034375
2 0.8489583333333334 0.71796875 0.18645833333333334 0.12864583333333332