2 0.3260416666666667 0.11822916666666666 0.05520833333333333 0.23645833333333333
0 0.31536458333333334 0.0140625 0.021354166666666667 0.028125
0 0.009635416666666667 0.3815104166666667 0.018229166666666668 0.031510416666666666
2 0.03333333333333333 0.3875 0.065625 0.04895833333333333
2 0.7903645833333334 0.4010416666666667 0.19947916666666668 0.1
6 0.7341145833333333 0.41119791666666666 0.016145833333333335 0.031510416666666666
0 0.12447916666666667 0.478125 0.01875 0.034375
2 0.109375 0.4861979166666667 0.13125 0.0703125
2 0.865625 0.4947916666666667 0.22604166666666667 0.1453125
6 0.8091145833333333 0.5138020833333333 0.0203125 0.03515625
6 0.9653645833333333 0.5552083333333333 0.019270833333333334 0.03046875
2 0.95234375 0.5627604166666667 0.09427083333333333 0.0828125
2 0.0546875 0.6572916666666667 0.109375 0.07786458333333333
0 0.04609375 0.659375 0.0234375 0.03515625