0 0.49322916666666666 0.12135416666666667 0.010416666666666666 0.018489583333333334
2 0.4947916666666667 0.14348958333333334 0.029166666666666667 0.06302083333333333
6 0.057291666666666664 0.38697916666666665 0.015625 0.0203125
2 0.05859375 0.39036458333333335 0.0546875 0.0546875
2 0.011458333333333333 0.46848958333333335 0.022916666666666665 0.05364583333333333
2 0.059375 0.46901041666666665 0.071875 0.06953125
0 0.9421875 0.471875 0.0125 0.017708333333333333
6 0.06796875 0.4739583333333333 0.013020833333333334 0.018489583333333334
2 0.9549479166666667 0.48880208333333336 0.0890625 0.07447916666666667
2 0.9580729166666667 0.56796875 0.0515625 0.0453125
0 0.9557291666666666 0.5708333333333333 0.014583333333333334 0.021354166666666667
2 0.06848958333333334 0.5736979166666667 0.05572916666666667 0.05651041666666667
6 0.06614583333333333 0.5760416666666667 0.014583333333333334 0.018489583333333334