0 0.65625 0.09817708333333333 0.020833333333333332 0.031510416666666666
2 0.5799479166666667 0.21380208333333334 0.0671875 0.10729166666666666
0 0.5854166666666667 0.24635416666666668 0.016666666666666666 0.0296875
2 0.6953125 0.246875 0.07291666666666667 0.25833333333333336
6 0.6846354166666667 0.31354166666666666 0.0171875 0.03229166666666667
3 0.44921875 0.321875 0.12552083333333333 0.11953125
6 0.40911458333333334 0.34270833333333334 0.0171875 0.0296875
3 0.42604166666666665 0.41380208333333335 0.065625 0.20182291666666666
3 0.4518229166666667 0.4546875 0.08385416666666666 0.209375
0 0.4114583333333333 0.45651041666666664 0.021875 0.042708333333333334
2 0.61015625 0.4666666666666667 0.0546875 0.20182291666666666
2 0.6794270833333333 0.46848958333333335 0.06302083333333333 0.14270833333333333
2 0.5395833333333333 0.46901041666666665 0.08541666666666667 0.134375
0 0.6955729166666667 0.484375 0.019270833333333334 0.031510416666666666
6 0.5375 0.4875 0.01875 0.03802083333333333
0 0.5953125 0.525 0.016666666666666666 0.0296875
0 0.7432291666666667 0.6802083333333333 0.015625 0.03619791666666667
5 0.7708333333333334 0.6893229166666667 0.08229166666666667 0.11197916666666667
6 0.48828125 0.06953125 0.016145833333333335 0.03333333333333333
5 0.21510416666666668 0.7588541666666667 0.05520833333333333 0.11380208333333333
0 0.22291666666666668 0.784375 0.016666666666666666 0.031510416666666666
5 0.6453125 0.0796875 0.07291666666666667 0.159375
2 0.46171875 0.08203125 0.09739583333333333 0.13046875