6 0.5213541666666667 0.246875 0.00625 0.011979166666666667
3 0.5255208333333333 0.24869791666666666 0.019791666666666666 0.07864583333333333
6 0.5299479166666666 0.25 0.0078125 0.018489583333333334
6 0.40572916666666664 0.25 0.011458333333333333 0.018489583333333334
0 0.5127604166666667 0.25104166666666666 0.008854166666666666 0.016666666666666666
2 0.38515625 0.2638020833333333 0.08177083333333333 0.04453125
3 0.49244791666666665 0.2838541666666667 0.050520833333333334 0.08619791666666667
3 0.5395833333333333 0.29401041666666666 0.041666666666666664 0.115625
0 0.5127604166666667 0.33203125 0.0067708333333333336 0.013802083333333333
6 0.49192708333333335 0.33645833333333336 0.008854166666666666 0.017708333333333333
3 0.5122395833333333 0.33880208333333334 0.022395833333333334 0.05546875
3 0.5861979166666667 0.34869791666666666 0.033854166666666664 0.08802083333333334
3 0.4942708333333333 0.365625 0.022916666666666665 0.10364583333333334
0 0.5895833333333333 0.38203125 0.011458333333333333 0.015625
3 0.56015625 0.44479166666666664 0.050520833333333334 0.09166666666666666
3 0.3640625 0.5315104166666667 0.03958333333333333 0.08515625
2 0.42213541666666665 0.8296875 0.028645833333333332 0.06484375
6 0.4192708333333333 0.8369791666666667 0.00625 0.01484375