2 0.22265625 0.9565104166666667 0.07135416666666666 0.08333333333333333
3 0.6984375 0.9630208333333333 0.08333333333333333 0.04635416666666667
2 0.965625 0.9643229166666667 0.034375 0.05286458333333333
6 0.9705729166666667 0.9643229166666667 0.011979166666666667 0.028645833333333332
0 0.72578125 0.9778645833333334 0.009895833333333333 0.011197916666666667
0 0.20651041666666667 0.9802083333333333 0.011979166666666667 0.026822916666666665
6 0.7703125 0.3059895833333333 0.011458333333333333 0.021354166666666667
2 0.7591145833333334 0.325 0.03697916666666667 0.07213541666666666
2 0.84453125 0.4869791666666667 0.0859375 0.05364583333333333
0 0.8302083333333333 0.49114583333333334 0.0125 0.01953125
6 0.9447916666666667 0.5333333333333333 0.014583333333333334 0.018489583333333334
2 0.9260416666666667 0.53515625 0.07916666666666666 0.057291666666666664
2 0.778125 0.5713541666666667 0.03958333333333333 0.042708333333333334
0 0.76953125 0.5755208333333334 0.009895833333333333 0.017708333333333333
2 0.9294270833333333 0.5760416666666667 0.034895833333333334 0.059375
6 0.9375 0.5875 0.015625 0.021354166666666667
6 0.9958333333333333 0.5966145833333333 0.007291666666666667 0.024479166666666666
2 0.9911458333333333 0.6059895833333333 0.016666666666666666 0.04739583333333333
2 0.9747395833333333 0.6263020833333334 0.0265625 0.06380208333333333
2 0.7627604166666667 0.6296875 0.05364583333333333 0.0796875
2 0.8028645833333333 0.63515625 0.0546875 0.0703125
6 0.79921875 0.6369791666666667 0.009895833333333333 0.018489583333333334
0 0.74921875 0.6375 0.0109375 0.01953125
6 0.9807291666666667 0.6403645833333333 0.013541666666666667 0.021354166666666667