2 0.5885416666666666 0.96796875 0.06458333333333334 0.06380208333333333
0 0.5822916666666667 0.9684895833333333 0.026041666666666668 0.048177083333333336
6 0.4434895833333333 0.290625 0.0234375 0.03333333333333333
2 0.490625 0.334375 0.14270833333333333 0.209375
0 0.2794270833333333 0.33932291666666664 0.018229166666666668 0.03046875
2 0.2830729166666667 0.4625 0.05572916666666667 0.284375
3 0.35260416666666666 0.4864583333333333 0.096875 0.265625
0 0.5166666666666667 0.4864583333333333 0.019791666666666666 0.03984375
2 0.5575520833333333 0.5559895833333334 0.14427083333333332 0.20286458333333332
6 0.5028645833333333 0.62265625 0.024479166666666666 0.04895833333333333
2 0.4973958333333333 0.7260416666666667 0.08645833333333333 0.35
6 0.3338541666666667 0.8125 0.01875 0.04348958333333333
5 0.44088541666666664 0.0828125 0.11614583333333334 0.165625
2 0.315625 0.8919270833333334 0.09375 0.21510416666666668