2 0.9333333333333333 0.4822916666666667 0.04791666666666667 0.061197916666666664
0 0.9322916666666666 0.48333333333333334 0.013541666666666667 0.022135416666666668
6 0.5591145833333333 0.48385416666666664 0.0109375 0.021354166666666667
2 0.5572916666666666 0.496875 0.034375 0.06770833333333333
6 0.6083333333333333 0.5263020833333333 0.0125 0.025
2 0.6067708333333334 0.534375 0.028125 0.059375
6 0.6859375 0.5447916666666667 0.010416666666666666 0.025
2 0.6731770833333334 0.5486979166666667 0.0390625 0.07317708333333334
2 0.86015625 0.5559895833333334 0.043229166666666666 0.07317708333333334
6 0.8674479166666667 0.5671875 0.0140625 0.023177083333333334
0 0.4359375 0.59296875 0.0125 0.01953125
2 0.44609375 0.603125 0.0421875 0.07317708333333334
2 0.77890625 0.6427083333333333 0.0578125 0.11848958333333333
6 0.78828125 0.6578125 0.013020833333333334 0.021354166666666667
2 0.5911458333333334 0.6713541666666667 0.06875 0.08880208333333334
2 0.48125 0.6815104166666667 0.04583333333333333 0.059375
0 0.47994791666666664 0.6828125 0.0109375 0.021354166666666667
2 0.6247395833333333 0.6981770833333333 0.033854166666666664 0.07395833333333333
0 0.5880208333333333 0.6986979166666667 0.011458333333333333 0.025
6 0.6265625 0.7161458333333334 0.011458333333333333 0.023177083333333334
2 0.5213541666666667 0.73984375 0.041666666666666664 0.10182291666666667
2 0.66484375 0.7421875 0.049479166666666664 0.07682291666666667
6 0.6744791666666666 0.74765625 0.013541666666666667 0.028645833333333332
0 0.51640625 0.7572916666666667 0.011979166666666667 0.023958333333333335
2 0.6890625 0.8143229166666667 0.0375 0.12682291666666667
2 0.46588541666666666 0.8356770833333333 0.043229166666666666 0.075
0 0.46796875 0.8546875 0.009895833333333333 0.022135416666666668
6 0.6955729166666667 0.8625 0.013020833333333334 0.026822916666666665