5 0.56953125 0.15234375 0.14010416666666667 0.10286458333333333
0 0.6059895833333333 0.16979166666666667 0.0140625 0.03046875
0 0.55703125 0.49270833333333336 0.015104166666666667 0.038802083333333334
3 0.49244791666666665 0.49947916666666664 0.0953125 0.10286458333333333
6 0.31744791666666666 0.5036458333333333 0.016145833333333335 0.03515625
0 0.45677083333333335 0.5052083333333334 0.011458333333333333 0.028645833333333332
2 0.42864583333333334 0.53515625 0.11770833333333333 0.14270833333333333
2 0.3841145833333333 0.5453125 0.0390625 0.06666666666666667
2 0.2953125 0.55 0.06041666666666667 0.16484375
0 0.36223958333333334 0.55234375 0.015104166666666667 0.03046875
6 0.38645833333333335 0.55234375 0.0125 0.026822916666666665
2 0.5591145833333333 0.5611979166666666 0.0453125 0.190625
2 0.3502604166666667 0.6018229166666667 0.050520833333333334 0.2518229166666667
3 0.5455729166666666 0.7231770833333333 0.09947916666666666 0.1296875
0 0.7380208333333333 0.80703125 0.014583333333333334 0.028645833333333332
5 0.6994791666666667 0.83515625 0.1375 0.12213541666666666
0 0.58203125 0.8778645833333333 0.016145833333333335 0.0296875
2 0.5408854166666667 0.9221354166666667 0.1140625 0.11848958333333333