2 0.13463541666666667 0.92890625 0.08385416666666666 0.14114583333333333
3 0.5153645833333333 0.16380208333333332 0.0703125 0.31666666666666665
2 0.8635416666666667 0.21015625 0.19375 0.24817708333333333
6 0.8260416666666667 0.2703125 0.027083333333333334 0.048177083333333336
0 0.5171875 0.28046875 0.023958333333333335 0.040625
3 0.50703125 0.359375 0.1703125 0.18697916666666667
6 0.46067708333333335 0.40546875 0.024479166666666666 0.040625
0 0.35989583333333336 0.41015625 0.029166666666666667 0.04453125
3 0.28880208333333335 0.41119791666666666 0.18177083333333333 0.13697916666666668
6 0.46197916666666666 0.4666666666666667 0.026041666666666668 0.038802083333333334
2 0.46484375 0.4903645833333333 0.0421875 0.12135416666666667
6 0.5078125 0.49947916666666664 0.021875 0.04348958333333333
3 0.40520833333333334 0.503125 0.08333333333333333 0.175
0 0.4200520833333333 0.51484375 0.016145833333333335 0.040625
2 0.528125 0.546875 0.06770833333333333 0.16770833333333332
2 0.4752604166666667 0.6643229166666667 0.07864583333333333 0.14895833333333333
0 0.47604166666666664 0.671875 0.023958333333333335 0.051041666666666666
0 0.6932291666666667 0.71015625 0.025 0.05182291666666667
5 0.653125 0.8138020833333334 0.13854166666666667 0.37213541666666666