2 0.6294270833333333 0.51796875 0.10572916666666667 0.11953125
0 0.6583333333333333 0.5453125 0.015625 0.027864583333333335
3 0.5627604166666667 0.5661458333333333 0.0953125 0.11015625
6 0.5729166666666666 0.6036458333333333 0.025 0.03697916666666667
3 0.6380208333333334 0.6046875 0.0875 0.057291666666666664
2 0.571875 0.6171875 0.034375 0.0953125
5 0.3770833333333333 0.671875 0.13020833333333334 0.11380208333333333
0 0.31796875 0.6778645833333333 0.0109375 0.0203125
3 0.6223958333333334 0.69296875 0.07395833333333333 0.11197916666666667
0 0.6489583333333333 0.7130208333333333 0.022916666666666665 0.040625
2 0.5677083333333334 0.765625 0.10520833333333333 0.1
5 0.79296875 0.7802083333333333 0.10989583333333333 0.12682291666666667
0 0.7174479166666666 0.7927083333333333 0.022395833333333334 0.031510416666666666
2 0.6942708333333333 0.7940104166666667 0.13020833333333334 0.11953125
0 0.8177083333333334 0.7963541666666667 0.017708333333333333 0.03697916666666667