2 0.484375 0.21979166666666666 0.019791666666666666 0.03802083333333333
0 0.4861979166666667 0.22604166666666667 0.005729166666666666 0.011197916666666667
3 0.95234375 0.24869791666666666 0.033854166666666664 0.065625
2 0.01953125 0.28463541666666664 0.019270833333333334 0.11015625
0 0.015885416666666666 0.3203125 0.0078125 0.018489583333333334
2 0.20651041666666667 0.39348958333333334 0.024479166666666666 0.03515625
6 0.20755208333333333 0.39348958333333334 0.0067708333333333336 0.013020833333333334
6 0.16848958333333333 0.4388020833333333 0.0078125 0.013020833333333334
2 0.17526041666666667 0.44114583333333335 0.022395833333333334 0.034375
6 0.20755208333333333 0.4427083333333333 0.0078125 0.013020833333333334
2 0.21432291666666667 0.44869791666666664 0.0265625 0.03802083333333333
0 0.8020833333333334 0.459375 0.008333333333333333 0.013020833333333334
2 0.8111979166666666 0.46015625 0.049479166666666664 0.03515625
2 0.85703125 0.46119791666666665 0.0265625 0.057291666666666664
0 0.86015625 0.46484375 0.008854166666666666 0.011197916666666667
2 0.22083333333333333 0.49583333333333335 0.027083333333333334 0.0453125
6 0.21848958333333332 0.4986979166666667 0.0078125 0.011979166666666667
0 0.809375 0.5114583333333333 0.008333333333333333 0.011979166666666667
2 0.8106770833333333 0.5138020833333333 0.019270833333333334 0.07395833333333333
2 0.8614583333333333 0.521875 0.059375 0.051041666666666666
0 0.8520833333333333 0.5260416666666666 0.007291666666666667 0.011197916666666667
6 0.51796875 0.8072916666666666 0.008854166666666666 0.011197916666666667
2 0.53671875 0.8111979166666666 0.0609375 0.031510416666666666
6 0.93828125 0.8505208333333333 0.0109375 0.025
3 0.9643229166666667 0.8635416666666667 0.06302083333333333 0.05651041666666667