6 0.7802083333333333 0.0125 0.015625 0.025
2 0.40260416666666665 0.15234375 0.10833333333333334 0.07864583333333333
6 0.44947916666666665 0.16432291666666668 0.011458333333333333 0.023177083333333334
2 0.7380208333333333 0.03515625 0.12291666666666666 0.0703125
3 0.9395833333333333 0.39036458333333335 0.07916666666666666 0.18046875
3 0.9 0.409375 0.07395833333333333 0.15729166666666666
6 0.5065104166666666 0.4153645833333333 0.0140625 0.026822916666666665
0 0.6755208333333333 0.4203125 0.016666666666666666 0.027864583333333335
2 0.4596354166666667 0.44296875 0.1078125 0.09713541666666667
2 0.6375 0.44947916666666665 0.13645833333333332 0.07864583333333333
6 0.80546875 0.4513020833333333 0.0140625 0.023177083333333334
2 0.7692708333333333 0.4786458333333333 0.1 0.16484375
0 0.6557291666666667 0.5619791666666667 0.015625 0.022135416666666668
0 0.746875 0.058854166666666666 0.014583333333333334 0.03046875
2 0.61875 0.59296875 0.10625 0.08984375
0 0.771875 0.59765625 0.013541666666666667 0.023177083333333334
2 0.7354166666666667 0.6125 0.11770833333333333 0.06380208333333333
0 0.5611979166666666 0.7427083333333333 0.011979166666666667 0.026041666666666668
5 0.5151041666666667 0.753125 0.10729166666666666 0.075
5 0.8903645833333333 0.8361979166666667 0.1171875 0.13151041666666666
5 0.7005208333333334 0.08854166666666667 0.10833333333333334 0.09166666666666666