2 0.603125 0.3255208333333333 0.03125 0.10104166666666667
6 0.6080729166666666 0.3458333333333333 0.009895833333333333 0.023177083333333334
2 0.9130208333333333 0.47213541666666664 0.04479166666666667 0.06484375
0 0.915625 0.48385416666666664 0.014583333333333334 0.025
6 0.59296875 0.5221354166666666 0.009895833333333333 0.0203125
2 0.584375 0.5309895833333333 0.057291666666666664 0.075
6 0.6752604166666667 0.5559895833333334 0.008854166666666666 0.017708333333333333
2 0.6606770833333333 0.55703125 0.04635416666666667 0.03984375
6 0.8484375 0.5888020833333333 0.014583333333333334 0.0203125
2 0.8309895833333333 0.6018229166666667 0.0515625 0.06848958333333334
2 0.453125 0.60546875 0.028125 0.0703125
0 0.44973958333333336 0.6065104166666667 0.011979166666666667 0.0203125
2 0.80234375 0.6731770833333334 0.028645833333333332 0.14270833333333333
6 0.8104166666666667 0.6763020833333333 0.0125 0.01953125
2 0.6705729166666666 0.7184895833333333 0.044270833333333336 0.07395833333333333
2 0.49661458333333336 0.7255208333333333 0.043229166666666666 0.07864583333333333
0 0.6799479166666667 0.7268229166666667 0.009895833333333333 0.018489583333333334
0 0.49192708333333335 0.7286458333333333 0.011979166666666667 0.026041666666666668
2 0.675 0.8236979166666667 0.034375 0.10833333333333334
2 0.62578125 0.8263020833333333 0.03802083333333333 0.051041666666666666
6 0.6291666666666667 0.8263020833333333 0.011458333333333333 0.021354166666666667
6 0.6770833333333334 0.8315104166666667 0.0125 0.023958333333333335
2 0.49140625 0.8361979166666667 0.030729166666666665 0.0796875
0 0.5791666666666667 0.84765625 0.013541666666666667 0.023177083333333334
2 0.7106770833333333 0.8583333333333333 0.0359375 0.10182291666666667
0 0.4869791666666667 0.8643229166666667 0.013541666666666667 0.021354166666666667
2 0.58046875 0.8846354166666667 0.04635416666666667 0.125
6 0.7208333333333333 0.89296875 0.011458333333333333 0.023177083333333334