6 0.06927083333333334 0.9380208333333333 0.010416666666666666 0.026041666666666668
2 0.08333333333333333 0.95390625 0.058333333333333334 0.09114583333333333
6 0.8283854166666667 0.22864583333333333 0.0140625 0.018489583333333334
2 0.8177083333333334 0.2421875 0.03854166666666667 0.06197916666666667
2 0.33697916666666666 0.42682291666666666 0.06875 0.06302083333333333
6 0.3151041666666667 0.44765625 0.0125 0.01953125
2 0.9598958333333333 0.5096354166666667 0.04375 0.06197916666666667
2 0.321875 0.5106770833333333 0.07916666666666666 0.06770833333333333
0 0.97265625 0.5190104166666667 0.013020833333333334 0.025
6 0.2916666666666667 0.5244791666666667 0.014583333333333334 0.021354166666666667
2 0.5515625 0.5671875 0.12604166666666666 0.0453125
6 0.52109375 0.5684895833333333 0.013020833333333334 0.03333333333333333
2 0.9872395833333333 0.6302083333333334 0.024479166666666666 0.153125
2 0.8481770833333333 0.6760416666666667 0.10052083333333334 0.13515625
2 0.9364583333333333 0.6861979166666666 0.057291666666666664 0.06484375
0 0.9388020833333334 0.6916666666666667 0.013020833333333334 0.026041666666666668
6 0.8322916666666667 0.7078125 0.017708333333333333 0.021354166666666667