3 0.6299479166666667 0.25234375 0.07135416666666666 0.115625
3 0.5802083333333333 0.30520833333333336 0.052083333333333336 0.058333333333333334
3 0.37265625 0.35598958333333336 0.05677083333333333 0.11197916666666667
0 0.3963541666666667 0.3802083333333333 0.00625 0.01953125
3 0.68359375 0.41354166666666664 0.06614583333333333 0.115625
3 0.53359375 0.42213541666666665 0.0671875 0.16484375
0 0.6109375 0.04453125 0.010416666666666666 0.0203125
3 0.61171875 0.4583333333333333 0.07447916666666667 0.057291666666666664
3 0.4984375 0.49713541666666666 0.10625 0.15182291666666667
3 0.52109375 0.5 0.04010416666666667 0.12213541666666666
0 0.615625 0.5518229166666667 0.009375 0.018489583333333334
5 0.60859375 0.055989583333333336 0.06822916666666666 0.07682291666666667
5 0.6236979166666666 0.5614583333333333 0.05572916666666667 0.08229166666666667
0 0.5260416666666666 0.578125 0.0125 0.023177083333333334
5 0.52734375 0.5986979166666667 0.05677083333333333 0.06380208333333333