6 0.51015625 0.1375 0.0109375 0.025
2 0.48984375 0.14036458333333332 0.05260416666666667 0.06015625
0 0.05234375 0.38229166666666664 0.013020833333333334 0.018489583333333334
2 0.04505208333333333 0.3971354166666667 0.09010416666666667 0.08697916666666666
0 0.19244791666666666 0.4046875 0.011979166666666667 0.027864583333333335
6 0.9208333333333333 0.41484375 0.014583333333333334 0.016666666666666666
2 0.9505208333333334 0.4171875 0.09791666666666667 0.05520833333333333
2 0.15911458333333334 0.4244791666666667 0.12447916666666667 0.08802083333333334
6 0.9010416666666666 0.49114583333333334 0.0125 0.021354166666666667
2 0.9333333333333333 0.49375 0.13229166666666667 0.05416666666666667
2 0.171875 0.5 0.121875 0.042708333333333334
2 0.04791666666666667 0.5 0.09583333333333334 0.04453125
0 0.06302083333333333 0.5005208333333333 0.011458333333333333 0.01953125
6 0.20026041666666666 0.5018229166666667 0.0140625 0.018489583333333334
6 0.16171875 0.5809895833333333 0.011979166666666667 0.025
2 0.12708333333333333 0.5828125 0.08541666666666667 0.05286458333333333
3 0.09505208333333333 0.6059895833333333 0.09427083333333333 0.08046875
2 0.5098958333333333 0.8244791666666667 0.05416666666666667 0.08802083333333334
0 0.50859375 0.8388020833333333 0.009895833333333333 0.0203125