2 0.5307291666666667 0.16197916666666667 0.103125 0.07213541666666666
0 0.49375 0.16979166666666667 0.011458333333333333 0.01953125
6 0.4080729166666667 0.22604166666666667 0.013020833333333334 0.022135416666666668
6 0.5802083333333333 0.23645833333333333 0.011458333333333333 0.021354166666666667
0 0.41848958333333336 0.24583333333333332 0.0609375 0.11380208333333333
2 0.6145833333333334 0.2546875 0.125 0.08151041666666667
3 0.40598958333333335 0.35182291666666665 0.08697916666666666 0.08151041666666667
0 0.36666666666666664 0.36953125 0.010416666666666666 0.0203125
2 0.42630208333333336 0.42552083333333335 0.10885416666666667 0.07682291666666667
0 0.3966145833333333 0.4427083333333333 0.009895833333333333 0.018489583333333334
0 0.5510416666666667 0.8328125 0.009375 0.021354166666666667
2 0.5768229166666666 0.8731770833333333 0.10677083333333333 0.15