2 0.9653645833333333 0.9299479166666667 0.051041666666666666 0.06848958333333334
2 0.97265625 0.9356770833333333 0.0005208333333333333 0.0010416666666666667
2 0.21484375 0.9411458333333333 0.050520833333333334 0.065625
2 0.6880208333333333 0.94765625 0.025 0.041666666666666664
6 0.9817708333333334 0.9518229166666666 0.0125 0.023958333333333335
0 0.20572916666666666 0.9518229166666666 0.015625 0.031510416666666666
0 0.6921875 0.9583333333333334 0.010416666666666666 0.0203125
6 0.6955729166666667 0.3125 0.013020833333333334 0.01953125
2 0.6848958333333334 0.33229166666666665 0.0375 0.07213541666666666
0 0.6044270833333333 0.5010416666666667 0.011979166666666667 0.018489583333333334
2 0.70390625 0.503125 0.06822916666666666 0.06953125
2 0.6088541666666667 0.5059895833333333 0.051041666666666666 0.06770833333333333
6 0.7002604166666667 0.5083333333333333 0.0140625 0.0203125
2 0.63125 0.5552083333333333 0.04583333333333333 0.06197916666666667
0 0.6401041666666667 0.559375 0.009375 0.0203125
2 0.8401041666666667 0.5606770833333333 0.041666666666666664 0.08046875
2 0.6830729166666667 0.575 0.04739583333333333 0.061197916666666664
2 0.5729166666666666 0.5768229166666666 0.03854166666666667 0.05182291666666667
0 0.57109375 0.5778645833333333 0.011979166666666667 0.0203125
6 0.6875 0.5791666666666667 0.010416666666666666 0.01953125
6 0.8455729166666667 0.5856770833333333 0.011979166666666667 0.01953125
2 0.68984375 0.6184895833333334 0.09010416666666667 0.10182291666666667
2 0.6421875 0.6260416666666667 0.0375 0.04635416666666667
0 0.6421875 0.6278645833333333 0.0125 0.018489583333333334
2 0.7721354166666666 0.6302083333333334 0.0203125 0.07317708333333334
6 0.7671875 0.6486979166666667 0.011458333333333333 0.023177083333333334
6 0.6799479166666667 0.65703125 0.015104166666666667 0.025