2 0.6247395833333333 0.9671875 0.027604166666666666 0.06458333333333334
0 0.62734375 0.9815104166666667 0.0140625 0.0296875
0 0.9299479166666667 0.4361979166666667 0.013020833333333334 0.022135416666666668
2 0.9091145833333333 0.4434895833333333 0.05677083333333333 0.090625
6 0.7013020833333333 0.47213541666666664 0.011979166666666667 0.0203125
2 0.6361979166666667 0.48385416666666664 0.034895833333333334 0.1546875
2 0.7229166666666667 0.49166666666666664 0.09479166666666666 0.10364583333333334
6 0.6333333333333333 0.521875 0.011458333333333333 0.025
6 0.93671875 0.54453125 0.015104166666666667 0.023958333333333335
6 0.7252604166666666 0.5510416666666667 0.0109375 0.018489583333333334
2 0.9411458333333333 0.5583333333333333 0.07708333333333334 0.07786458333333333
0 0.5377604166666666 0.571875 0.0140625 0.025
6 0.8786458333333333 0.5828125 0.0125 0.021354166666666667
2 0.8783854166666667 0.5838541666666667 0.030729166666666665 0.084375
2 0.70859375 0.5861979166666667 0.0453125 0.090625
2 0.5333333333333333 0.59296875 0.06770833333333333 0.14166666666666666
2 0.75859375 0.6518229166666667 0.043229166666666666 0.048177083333333336
6 0.7708333333333334 0.6619791666666667 0.015625 0.0296875
2 0.7541666666666667 0.684375 0.05520833333333333 0.048177083333333336
6 0.7713541666666667 0.6893229166666667 0.013541666666666667 0.023177083333333334
3 0.5393229166666667 0.7036458333333333 0.05364583333333333 0.0703125
2 0.49583333333333335 0.7260416666666667 0.11458333333333333 0.12213541666666666
2 0.80703125 0.7494791666666667 0.0546875 0.075
0 0.5231770833333333 0.75546875 0.013020833333333334 0.023958333333333335
6 0.8057291666666667 0.75546875 0.015625 0.0296875
2 0.7216145833333333 0.7643229166666666 0.0609375 0.075
0 0.7348958333333333 0.7708333333333334 0.011458333333333333 0.025