3 0.4518229166666667 0.24401041666666667 0.0859375 0.08984375
6 0.30416666666666664 0.2518229166666667 0.016666666666666666 0.03333333333333333
0 0.41354166666666664 0.27734375 0.015625 0.026822916666666665
6 0.35234375 0.284375 0.011979166666666667 0.026041666666666668
2 0.396875 0.296875 0.0875 0.16953125
2 0.2877604166666667 0.30364583333333334 0.07135416666666666 0.17395833333333333
3 0.3380208333333333 0.3106770833333333 0.07291666666666667 0.11770833333333333
0 0.3489583333333333 0.3611979166666667 0.013541666666666667 0.031510416666666666
2 0.553125 0.40286458333333336 0.027083333333333334 0.17395833333333333
2 0.3299479166666667 0.440625 0.05572916666666667 0.22213541666666667
0 0.5166666666666667 0.49583333333333335 0.015625 0.025
0 0.6942708333333333 0.528125 0.01875 0.028645833333333332
2 0.4765625 0.55 0.09791666666666667 0.14270833333333333
5 0.6731770833333334 0.5885416666666666 0.06822916666666666 0.20286458333333332
0 0.50859375 0.6619791666666667 0.0140625 0.03333333333333333
2 0.48463541666666665 0.71953125 0.10364583333333334 0.190625
0 0.1890625 0.7447916666666666 0.016666666666666666 0.03046875
5 0.17317708333333334 0.76953125 0.0734375 0.13333333333333333
6 0.40703125 0.7822916666666667 0.0140625 0.03515625
2 0.41953125 0.8338541666666667 0.05364583333333333 0.24166666666666667