2 0.86875 0.978125 0.06458333333333334 0.04348958333333333
0 0.40182291666666664 0.35520833333333335 0.0109375 0.01953125
3 0.40286458333333336 0.3606770833333333 0.03177083333333333 0.06015625
2 0.63515625 0.46380208333333334 0.034895833333333334 0.09817708333333333
6 0.8135416666666667 0.46979166666666666 0.013541666666666667 0.023177083333333334
2 0.8036458333333333 0.47630208333333335 0.03229166666666667 0.06953125
0 0.6375 0.4822916666666667 0.0125 0.022135416666666668
6 0.68125 0.48333333333333334 0.0125 0.023958333333333335
2 0.67265625 0.4903645833333333 0.0484375 0.05651041666666667
2 0.5841145833333333 0.5315104166666667 0.06614583333333333 0.1
2 0.8833333333333333 0.5403645833333334 0.05 0.0453125
6 0.8903645833333333 0.54453125 0.0109375 0.0203125
0 0.5893229166666667 0.5481770833333334 0.0140625 0.0203125
2 0.6875 0.5796875 0.028125 0.042708333333333334
2 0.8153645833333333 0.58046875 0.03697916666666667 0.04453125
0 0.690625 0.5815104166666667 0.011458333333333333 0.018489583333333334
6 0.8278645833333333 0.5822916666666667 0.0109375 0.023958333333333335
2 0.78671875 0.6643229166666667 0.0484375 0.06953125
2 0.6640625 0.66953125 0.057291666666666664 0.057291666666666664
6 0.80546875 0.6739583333333333 0.013020833333333334 0.022135416666666668
0 0.67890625 0.6768229166666667 0.011979166666666667 0.027864583333333335
2 0.73046875 0.7119791666666667 0.05364583333333333 0.06302083333333333
6 0.7453125 0.73203125 0.0125 0.021354166666666667