3 0.38828125 0.2565104166666667 0.11197916666666667 0.17213541666666668
5 0.4479166666666667 0.027864583333333335 0.084375 0.05546875
0 0.31171875 0.32317708333333334 0.022395833333333334 0.03515625
3 0.29296875 0.3296875 0.10677083333333333 0.21119791666666668
0 0.496875 0.3375 0.013541666666666667 0.023177083333333334
0 0.35 0.3763020833333333 0.011458333333333333 0.026822916666666665
5 0.48463541666666665 0.39036458333333335 0.05260416666666667 0.23802083333333332
0 0.6986979166666667 0.41067708333333336 0.0171875 0.03046875
2 0.3333333333333333 0.43645833333333334 0.052083333333333336 0.14713541666666666
5 0.6705729166666666 0.4778645833333333 0.08177083333333333 0.25546875
6 0.30963541666666666 0.5153645833333333 0.016145833333333335 0.03046875
2 0.30442708333333335 0.5505208333333333 0.03697916666666667 0.13619791666666667
0 0.29765625 0.6177083333333333 0.0140625 0.027864583333333335
0 0.6075520833333333 0.63046875 0.0140625 0.027864583333333335
2 0.29453125 0.6416666666666667 0.05260416666666667 0.08697916666666666
2 0.621875 0.6875 0.057291666666666664 0.23984375
6 0.34140625 0.7513020833333334 0.016145833333333335 0.026822916666666665
0 0.20729166666666668 0.7583333333333333 0.016666666666666666 0.031510416666666666
5 0.22369791666666666 0.7869791666666667 0.07552083333333333 0.11666666666666667
2 0.32916666666666666 0.79765625 0.075 0.20833333333333334
6 0.43802083333333336 0.8166666666666667 0.0125 0.026041666666666668
2 0.46432291666666664 0.8458333333333333 0.08177083333333333 0.17682291666666666