2 0.35052083333333334 0.013541666666666667 0.023958333333333335 0.026822916666666665
5 0.4869791666666667 0.19895833333333332 0.06354166666666666 0.11119791666666666
0 0.4765625 0.23046875 0.007291666666666667 0.022135416666666668
0 0.35208333333333336 0.23151041666666666 0.008333333333333333 0.016666666666666666
2 0.3263020833333333 0.23229166666666667 0.0703125 0.07213541666666666
0 0.32760416666666664 0.03333333333333333 0.008333333333333333 0.018489583333333334
2 0.3294270833333333 0.03619791666666667 0.0171875 0.031510416666666666
6 0.6028645833333334 0.03854166666666667 0.0067708333333333336 0.013802083333333333
2 0.59921875 0.04348958333333333 0.019270833333333334 0.034375
2 0.5973958333333333 0.5088541666666667 0.04375 0.10651041666666666
2 0.4002604166666667 0.5302083333333333 0.049479166666666664 0.11380208333333333
6 0.5807291666666666 0.5536458333333333 0.008333333333333333 0.01484375
2 0.4666666666666667 0.5653645833333333 0.030208333333333334 0.08229166666666667
6 0.46901041666666665 0.5684895833333333 0.008854166666666666 0.016666666666666666
0 0.4205729166666667 0.578125 0.008854166666666666 0.015625
0 0.3515625 0.006510416666666667 0.010416666666666666 0.013020833333333334
2 0.425 0.6572916666666667 0.05625 0.08515625
0 0.4388020833333333 0.66015625 0.008854166666666666 0.016666666666666666
6 0.5916666666666667 0.06848958333333334 0.007291666666666667 0.013020833333333334
2 0.38333333333333336 0.6864583333333333 0.06979166666666667 0.06380208333333333
3 0.50234375 0.72265625 0.03177083333333333 0.058333333333333334
6 0.49505208333333334 0.7309895833333333 0.0067708333333333336 0.011979166666666667
2 0.5932291666666667 0.075 0.020833333333333332 0.0296875
0 0.3338541666666667 0.7815104166666667 0.009375 0.01484375
5 0.3190104166666667 0.7880208333333333 0.05677083333333333 0.0796875
5 0.4661458333333333 0.80234375 0.03229166666666667 0.051041666666666666
6 0.4765625 0.8052083333333333 0.008333333333333333 0.015625