2 0.46067708333333335 0.2513020833333333 0.1421875 0.2638020833333333
0 0.5078125 0.303125 0.023958333333333335 0.041666666666666664
2 0.8888020833333333 0.3416666666666667 0.1609375 0.3
6 0.8713541666666667 0.43203125 0.022916666666666665 0.05651041666666667
3 0.6872395833333333 0.47604166666666664 0.1703125 0.19270833333333334
6 0.6375 0.5236979166666667 0.01875 0.041666666666666664
2 0.48359375 0.5619791666666667 0.1109375 0.26484375
2 0.21692708333333333 0.5684895833333333 0.1546875 0.31302083333333336
0 0.2520833333333333 0.6197916666666666 0.023958333333333335 0.047135416666666666
2 0.5036458333333333 0.6440104166666667 0.07395833333333333 0.18802083333333333
0 0.46171875 0.6588541666666666 0.0234375 0.05286458333333333
6 0.525 0.7083333333333334 0.025 0.05
2 0.4466145833333333 0.71796875 0.09322916666666667 0.19895833333333332
0 0.4830729166666667 0.7885416666666667 0.0171875 0.047135416666666666