2 0.17864583333333334 0.96484375 0.06458333333333334 0.06927083333333334
2 0.8114583333333333 0.31197916666666664 0.175 0.25729166666666664
3 0.49921875 0.3385416666666667 0.09635416666666667 0.27317708333333335
6 0.77734375 0.38697916666666665 0.034895833333333334 0.048177083333333336
0 0.40546875 0.46119791666666665 0.03177083333333333 0.05364583333333333
6 0.4869791666666667 0.47604166666666664 0.027083333333333334 0.042708333333333334
6 0.45260416666666664 0.48333333333333334 0.021875 0.04635416666666667
3 0.33958333333333335 0.48463541666666665 0.165625 0.13046875
2 0.44765625 0.5322916666666667 0.1140625 0.24270833333333333
6 0.5325520833333334 0.5385416666666667 0.0234375 0.03984375
2 0.53828125 0.5916666666666667 0.08489583333333334 0.18880208333333334
0 0.6890625 0.68046875 0.025 0.04453125
0 0.5119791666666667 0.71796875 0.026041666666666668 0.04348958333333333
2 0.49244791666666665 0.7239583333333334 0.15572916666666667 0.15729166666666666
5 0.6513020833333333 0.8096354166666667 0.14114583333333333 0.38046875