0 0.3296875 0.021354166666666667 0.01875 0.027864583333333335
0 0.234375 0.25104166666666666 0.017708333333333333 0.0296875
2 0.24895833333333334 0.2559895833333333 0.06145833333333333 0.07682291666666667
6 0.06953125 0.3065104166666667 0.0171875 0.027864583333333335
6 0.11927083333333334 0.31197916666666664 0.017708333333333333 0.027864583333333335
2 0.08098958333333334 0.3125 0.0484375 0.07682291666666667
0 0.2515625 0.3171875 0.017708333333333333 0.028645833333333332
2 0.11953125 0.3260416666666667 0.06302083333333333 0.08515625
2 0.271875 0.35546875 0.08645833333333333 0.22395833333333334
2 0.08151041666666667 0.3768229166666667 0.1046875 0.08515625
0 0.07213541666666666 0.38046875 0.0171875 0.03515625
2 0.12369791666666667 0.039322916666666666 0.0703125 0.07864583333333333
6 0.40598958333333335 0.41067708333333336 0.015104166666666667 0.03046875
2 0.38046875 0.4393229166666667 0.09114583333333333 0.13802083333333334
0 0.6692708333333334 0.4981770833333333 0.01875 0.03515625
5 0.65703125 0.5036458333333333 0.07552083333333333 0.12395833333333334
2 0.3171875 0.5263020833333333 0.05520833333333333 0.12135416666666667
6 0.3263020833333333 0.5588541666666667 0.019270833333333334 0.034375
0 0.08828125 0.64296875 0.021354166666666667 0.03619791666666667
2 0.12291666666666666 0.665625 0.09375 0.15729166666666666
5 0.3515625 0.07317708333333334 0.09791666666666667 0.14453125
5 0.2421875 0.7744791666666667 0.06041666666666667 0.11770833333333333
0 0.22083333333333333 0.8052083333333333 0.0125 0.028645833333333332