0 0.80390625 0.09270833333333334 0.14739583333333334 0.1
3 0.6432291666666666 0.09583333333333334 0.05520833333333333 0.07317708333333334
6 0.7713541666666667 0.11901041666666666 0.014583333333333334 0.03229166666666667
2 0.8604166666666667 0.022395833333333334 0.08125 0.04479166666666667
0 0.7127604166666667 0.23697916666666666 0.011979166666666667 0.023958333333333335
2 0.7263020833333333 0.25833333333333336 0.0421875 0.07786458333333333
0 0.6466145833333333 0.38697916666666665 0.015104166666666667 0.023958333333333335
5 0.9653645833333333 0.4158854166666667 0.06822916666666666 0.0765625
0 0.9630208333333333 0.41796875 0.013541666666666667 0.026822916666666665
2 0.6828125 0.44635416666666666 0.084375 0.14635416666666667
2 0.6989583333333333 0.049479166666666664 0.057291666666666664 0.09895833333333333
0 0.69296875 0.06302083333333333 0.015104166666666667 0.027864583333333335
3 0.7518229166666667 0.065625 0.07864583333333333 0.07213541666666666