0 0.7864583333333334 0.9403645833333333 0.013541666666666667 0.021354166666666667
2 0.05703125 0.98671875 0.0828125 0.025520833333333333
0 0.8505208333333333 0.36302083333333335 0.011458333333333333 0.018489583333333334
2 0.8234375 0.375 0.084375 0.08697916666666666
3 0.76015625 0.4453125 0.0515625 0.0796875
3 0.88671875 0.4552083333333333 0.043229166666666666 0.07317708333333334
3 0.9385416666666667 0.4713541666666667 0.05 0.07604166666666666
0 0.8192708333333333 0.48098958333333336 0.007291666666666667 0.01953125
2 0.7911458333333333 0.5013020833333334 0.06458333333333334 0.065625
2 0.87265625 0.5059895833333333 0.0484375 0.06015625
3 0.7604166666666666 0.5643229166666667 0.04583333333333333 0.06770833333333333
3 0.8419270833333333 0.56953125 0.0609375 0.07604166666666666
3 0.9184895833333333 0.5875 0.0578125 0.10833333333333334
0 0.8299479166666667 0.5911458333333334 0.008854166666666666 0.021354166666666667
2 0.8036458333333333 0.6138020833333333 0.06666666666666667 0.08151041666666667
6 0.8338541666666667 0.6388020833333333 0.011458333333333333 0.022135416666666668
2 0.8317708333333333 0.6528645833333333 0.04375 0.08515625
6 0.77734375 0.06953125 0.0109375 0.016666666666666666
2 0.7434895833333334 0.07369791666666667 0.0890625 0.10651041666666666
0 0.7296875 0.765625 0.010416666666666666 0.023958333333333335
2 0.71640625 0.8088541666666667 0.059895833333333336 0.12864583333333332
2 0.7669270833333334 0.925 0.0578125 0.0703125