2 0.40859375 0.3190104166666667 0.0890625 0.06770833333333333
6 0.4322916666666667 0.321875 0.011458333333333333 0.017708333333333333
0 0.04895833333333333 0.3453125 0.013541666666666667 0.018489583333333334
2 0.062239583333333334 0.35703125 0.06822916666666666 0.0546875
3 0.015364583333333333 0.36666666666666664 0.030729166666666665 0.05546875
2 0.48880208333333336 0.378125 0.06614583333333333 0.10104166666666667
6 0.5153645833333333 0.3828125 0.011979166666666667 0.021354166666666667
2 0.13411458333333334 0.3875 0.0578125 0.06380208333333333
6 0.5408854166666667 0.40234375 0.0140625 0.01953125
0 0.14791666666666667 0.4041666666666667 0.011458333333333333 0.01953125
2 0.5278645833333333 0.43385416666666665 0.04114583333333333 0.13619791666666667
6 0.4875 0.453125 0.0125 0.021354166666666667
2 0.4674479166666667 0.45416666666666666 0.0703125 0.06197916666666667
2 0.028385416666666666 0.46197916666666666 0.05677083333333333 0.05
0 0.015885416666666666 0.4661458333333333 0.016145833333333335 0.017708333333333333
2 0.08098958333333334 0.4796875 0.05677083333333333 0.042708333333333334
0 0.06302083333333333 0.48802083333333335 0.011458333333333333 0.016666666666666666