2 0.31927083333333334 0.1 0.04791666666666667 0.08151041666666667
2 0.59296875 0.4440104166666667 0.043229166666666666 0.04348958333333333
0 0.5919270833333333 0.44583333333333336 0.0109375 0.01953125
6 0.9481770833333333 0.4856770833333333 0.015104166666666667 0.021354166666666667
2 0.9609375 0.4921875 0.07708333333333334 0.0625
0 0.9325520833333333 0.5434895833333333 0.0140625 0.016666666666666666
2 0.92109375 0.5513020833333333 0.06510416666666667 0.06770833333333333
2 0.7528645833333333 0.5684895833333333 0.04635416666666667 0.11302083333333333
0 0.7614583333333333 0.5690104166666666 0.016666666666666666 0.025
2 0.8403645833333333 0.5911458333333334 0.049479166666666664 0.0453125
0 0.8239583333333333 0.59296875 0.0125 0.015625
2 0.9572916666666667 0.6075520833333333 0.084375 0.050520833333333334
6 0.9455729166666667 0.6114583333333333 0.016145833333333335 0.023177083333333334
0 0.3216145833333333 0.06614583333333333 0.013020833333333334 0.023177083333333334
2 0.9567708333333333 0.6833333333333333 0.06666666666666667 0.1
3 0.8799479166666667 0.684375 0.06302083333333333 0.057291666666666664
0 0.8940104166666667 0.6947916666666667 0.013020833333333334 0.023177083333333334
0 0.953125 0.71015625 0.013541666666666667 0.022135416666666668
6 0.8442708333333333 0.83203125 0.013541666666666667 0.015625
2 0.8653645833333333 0.8369791666666667 0.1140625 0.059375