0 0.47109375 0.934375 0.008854166666666666 0.016666666666666666
6 0.8893229166666666 0.2875 0.011979166666666667 0.023177083333333334
2 0.8690104166666667 0.30234375 0.08072916666666667 0.07135416666666666
6 0.8020833333333334 0.37916666666666665 0.0125 0.023177083333333334
6 0.8989583333333333 0.3802083333333333 0.0125 0.021354166666666667
2 0.8640625 0.3880208333333333 0.1 0.08880208333333334
2 0.8041666666666667 0.39036458333333335 0.041666666666666664 0.06380208333333333
0 0.9598958333333333 0.4278645833333333 0.017708333333333333 0.0203125
6 0.81875 0.44036458333333334 0.011458333333333333 0.021354166666666667
2 0.96171875 0.440625 0.07552083333333333 0.057291666666666664
2 0.8114583333333333 0.4505208333333333 0.06458333333333334 0.0453125
2 0.9559895833333333 0.48854166666666665 0.03697916666666667 0.065625
0 0.9658854166666667 0.49166666666666664 0.013020833333333334 0.0203125
2 0.8557291666666667 0.50234375 0.03854166666666667 0.08229166666666667
0 0.8677083333333333 0.5083333333333333 0.0125 0.0203125
2 0.9552083333333333 0.54765625 0.0375 0.058333333333333334
6 0.965625 0.5489583333333333 0.014583333333333334 0.026041666666666668
6 0.9885416666666667 0.6010416666666667 0.010416666666666666 0.0203125
2 0.959375 0.6361979166666667 0.078125 0.14270833333333333
2 0.7997395833333333 0.81796875 0.06822916666666666 0.11953125
0 0.82421875 0.8494791666666667 0.0109375 0.01953125
2 0.15286458333333333 0.8635416666666667 0.043229166666666666 0.08619791666666667
0 0.14036458333333332 0.8677083333333333 0.011979166666666667 0.018489583333333334
2 0.4666666666666667 0.92265625 0.027083333333333334 0.04348958333333333