2 0.39010416666666664 0.14036458333333332 0.06458333333333334 0.075
2 0.2830729166666667 0.1421875 0.1234375 0.05286458333333333
0 0.31171875 0.1453125 0.0140625 0.026041666666666668
0 0.4119791666666667 0.14895833333333333 0.009375 0.0203125
2 0.19739583333333333 0.15703125 0.1125 0.065625
2 0.10416666666666667 0.16067708333333333 0.12395833333333334 0.0953125
0 0.22239583333333332 0.16953125 0.014583333333333334 0.026041666666666668
0 0.13463541666666667 0.178125 0.009895833333333333 0.017708333333333333
3 0.44973958333333336 0.18463541666666666 0.058854166666666666 0.12317708333333334
2 0.35885416666666664 0.21302083333333333 0.10729166666666666 0.08880208333333334
2 0.278125 0.215625 0.08333333333333333 0.12213541666666666
2 0.3098958333333333 0.22682291666666668 0.011458333333333333 0.026041666666666668
0 0.46901041666666665 0.23020833333333332 0.0109375 0.023177083333333334
0 0.3953125 0.23932291666666666 0.0125 0.023177083333333334
3 0.5015625 0.3072916666666667 0.10833333333333334 0.07604166666666666
0 0.53203125 0.3106770833333333 0.011979166666666667 0.023177083333333334
2 0.21302083333333333 0.31302083333333336 0.11666666666666667 0.06848958333333334
0 0.240625 0.32135416666666666 0.013541666666666667 0.027864583333333335
3 0.4822916666666667 0.3458333333333333 0.096875 0.065625
0 0.5091145833333334 0.35130208333333335 0.013020833333333334 0.025
2 0.36875 0.4083333333333333 0.11770833333333333 0.06484375
0 0.4005208333333333 0.4114583333333333 0.014583333333333334 0.026822916666666665
0 0.16536458333333334 0.4744791666666667 0.0109375 0.021354166666666667
0 0.303125 0.475 0.013541666666666667 0.023958333333333335
2 0.27369791666666665 0.4778645833333333 0.1109375 0.05
2 0.13203125 0.4861979166666667 0.12239583333333333 0.07786458333333333
0 0.1828125 0.8606770833333334 0.014583333333333334 0.025
2 0.2908854166666667 0.8653645833333333 0.05677083333333333 0.04895833333333333
6 0.28958333333333336 0.865625 0.016666666666666666 0.018489583333333334
2 0.39739583333333334 0.8661458333333333 0.09479166666666666 0.06770833333333333
6 0.42213541666666665 0.8666666666666667 0.0140625 0.027864583333333335
2 0.17395833333333333 0.8721354166666667 0.046875 0.09453125
0 0.23567708333333334 0.8809895833333333 0.011979166666666667 0.021354166666666667
2 0.23671875 0.9125 0.04739583333333333 0.13984375