2 0.43984375 0.09635416666666667 0.03177083333333333 0.09635416666666667
6 0.04401041666666667 0.3875 0.009895833333333333 0.01953125
2 0.057291666666666664 0.39166666666666666 0.05520833333333333 0.038802083333333334
0 0.9791666666666666 0.4114583333333333 0.0125 0.017708333333333333
2 0.9705729166666667 0.415625 0.044270833333333336 0.07786458333333333
2 0.015625 0.44947916666666665 0.03125 0.03619791666666667
2 0.06067708333333333 0.45703125 0.04739583333333333 0.051041666666666666
6 0.053125 0.45729166666666665 0.010416666666666666 0.016666666666666666
2 0.9684895833333333 0.49895833333333334 0.0453125 0.04635416666666667
0 0.9786458333333333 0.5078125 0.0125 0.017708333333333333
2 0.05390625 0.5130208333333334 0.050520833333333334 0.05546875
6 0.035416666666666666 0.53046875 0.010416666666666666 0.0203125
6 0.4427083333333333 0.084375 0.009375 0.018489583333333334