2 0.48125 0.20416666666666666 0.025 0.04348958333333333
0 0.48489583333333336 0.20885416666666667 0.007291666666666667 0.01015625
6 0.17760416666666667 0.39348958333333334 0.007291666666666667 0.01484375
2 0.17838541666666666 0.39348958333333334 0.0328125 0.05182291666666667
6 0.18020833333333333 0.44635416666666666 0.010416666666666666 0.01484375
6 0.13177083333333334 0.44817708333333334 0.008333333333333333 0.013020833333333334
2 0.140625 0.44895833333333335 0.027083333333333334 0.040625
2 0.18385416666666668 0.45364583333333336 0.03125 0.048177083333333336
0 0.83828125 0.46770833333333334 0.009895833333333333 0.013020833333333334
2 0.8479166666666667 0.46796875 0.053125 0.0453125
2 0.8981770833333333 0.4713541666666667 0.0265625 0.07395833333333333
0 0.9015625 0.471875 0.009375 0.011979166666666667
2 0.18802083333333333 0.50703125 0.029166666666666667 0.0546875
6 0.18385416666666668 0.5190104166666667 0.008333333333333333 0.011979166666666667
2 0.8455729166666667 0.5236979166666667 0.0234375 0.04348958333333333
0 0.8440104166666667 0.5255208333333333 0.0078125 0.013802083333333333
2 0.8984375 0.5346354166666667 0.07083333333333333 0.065625
0 0.8807291666666667 0.5416666666666666 0.008333333333333333 0.01484375
2 0.515625 0.8588541666666667 0.06458333333333334 0.025
6 0.49895833333333334 0.8606770833333334 0.007291666666666667 0.011979166666666667
2 0.9895833333333334 0.9028645833333333 0.019791666666666666 0.0390625