0 0.4669270833333333 0.165625 0.013020833333333334 0.0203125
2 0.34348958333333335 0.0171875 0.0296875 0.034375
5 0.47994791666666664 0.16848958333333333 0.059895833333333336 0.05
6 0.8315104166666667 0.018489583333333334 0.0140625 0.031510416666666666
2 0.6002604166666666 0.20130208333333333 0.10260416666666666 0.058333333333333334
2 0.31354166666666666 0.0203125 0.03229166666666667 0.040625
6 0.5723958333333333 0.21119791666666668 0.013541666666666667 0.0203125
2 0.8184895833333333 0.036458333333333336 0.0421875 0.07135416666666666
2 0.5283854166666667 0.40729166666666666 0.0828125 0.04453125
6 0.4375 0.446875 0.0125 0.021354166666666667
2 0.4510416666666667 0.446875 0.07395833333333333 0.047135416666666666
2 0.353125 0.46015625 0.057291666666666664 0.1296875
6 0.36822916666666666 0.4953125 0.015625 0.03333333333333333
3 0.32005208333333335 0.49765625 0.06927083333333334 0.0546875
3 0.17473958333333334 0.4986979166666667 0.06822916666666666 0.04895833333333333
2 0.5552083333333333 0.5135416666666667 0.090625 0.051041666666666666
0 0.5247395833333334 0.5161458333333333 0.015104166666666667 0.03229166666666667
3 0.3046875 0.5369791666666667 0.030208333333333334 0.08515625
2 0.4114583333333333 0.590625 0.08541666666666667 0.042708333333333334
0 0.38619791666666664 0.6 0.008854166666666666 0.0203125
0 0.3338541666666667 0.7708333333333334 0.015625 0.026822916666666665
5 0.35833333333333334 0.7953125 0.09270833333333334 0.08880208333333334
0 0.5221354166666666 0.8489583333333334 0.0109375 0.0203125
5 0.5346354166666667 0.8653645833333333 0.04010416666666667 0.06197916666666667