6 0.92578125 0.9661458333333334 0.013020833333333334 0.023177083333333334
3 0.8950520833333333 0.9721354166666667 0.09427083333333333 0.05364583333333333
0 0.005989583333333334 0.3809895833333333 0.011979166666666667 0.01953125
6 0.9388020833333334 0.38697916666666665 0.015104166666666667 0.0296875
2 0.02421875 0.3888020833333333 0.04739583333333333 0.06848958333333334
2 0.9265625 0.3927083333333333 0.040625 0.08697916666666666
0 0.028385416666666666 0.415625 0.0109375 0.016666666666666666
2 0.045572916666666664 0.42682291666666666 0.04739583333333333 0.059375
2 0.9309895833333334 0.4940104166666667 0.033854166666666664 0.06015625
6 0.9346354166666667 0.49765625 0.013020833333333334 0.023177083333333334
2 0.9848958333333333 0.4986979166666667 0.029166666666666667 0.14010416666666667
0 0.03619791666666667 0.5005208333333333 0.008854166666666666 0.017708333333333333
6 0.99609375 0.5010416666666667 0.005729166666666666 0.023958333333333335
2 0.053125 0.5059895833333333 0.04375 0.058333333333333334
2 0.028385416666666666 0.5541666666666667 0.03802083333333333 0.10286458333333333
0 0.018229166666666668 0.5565104166666667 0.011458333333333333 0.0203125
2 0.9513020833333333 0.5611979166666666 0.04635416666666667 0.07395833333333333
6 0.9583333333333334 0.57265625 0.0125 0.023177083333333334
2 0.41770833333333335 0.834375 0.028125 0.07604166666666666
6 0.4125 0.8614583333333333 0.008333333333333333 0.017708333333333333