2 0.41119791666666666 0.9346354166666667 0.022395833333333334 0.047135416666666666
0 0.40989583333333335 0.9453125 0.010416666666666666 0.018489583333333334
2 0.6611979166666667 0.10364583333333334 0.044270833333333336 0.1
2 0.42161458333333335 0.11432291666666666 0.0421875 0.06380208333333333
6 0.41744791666666664 0.11901041666666666 0.0109375 0.01953125
0 0.65703125 0.11979166666666667 0.0109375 0.021354166666666667
6 0.5690104166666666 0.1796875 0.013020833333333334 0.018489583333333334
2 0.59140625 0.18229166666666666 0.10260416666666666 0.05182291666666667
2 0.39401041666666664 0.21354166666666666 0.03802083333333333 0.08619791666666667
3 0.5690104166666666 0.21614583333333334 0.0671875 0.04348958333333333
0 0.6859375 0.21848958333333332 0.011458333333333333 0.022135416666666668
6 0.38333333333333336 0.22395833333333334 0.0125 0.018489583333333334
2 0.68046875 0.22682291666666668 0.03802083333333333 0.07213541666666666
6 0.6044270833333333 0.23229166666666667 0.013020833333333334 0.0203125
0 0.5302083333333333 0.23385416666666667 0.009375 0.021354166666666667
2 0.7557291666666667 0.24270833333333333 0.03333333333333333 0.061197916666666664
0 0.7638020833333333 0.24296875 0.011979166666666667 0.015625
2 0.61796875 0.2453125 0.059895833333333336 0.059375
2 0.5348958333333333 0.24869791666666666 0.03854166666666667 0.05286458333333333
2 0.3671875 0.26015625 0.07083333333333333 0.07213541666666666
6 0.34739583333333335 0.26119791666666664 0.013541666666666667 0.022135416666666668
2 0.5864583333333333 0.26484375 0.030208333333333334 0.057291666666666664
0 0.5830729166666667 0.271875 0.011979166666666667 0.017708333333333333
6 0.5322916666666667 0.2916666666666667 0.011458333333333333 0.0203125
2 0.5580729166666667 0.30416666666666664 0.10677083333333333 0.04348958333333333
2 0.5877604166666667 0.35052083333333334 0.044270833333333336 0.058333333333333334
0 0.5825520833333333 0.3528645833333333 0.009895833333333333 0.018489583333333334
2 0.53828125 0.415625 0.03802083333333333 0.05546875
0 0.5338541666666666 0.4244791666666667 0.011458333333333333 0.021354166666666667