6 0.6083333333333333 0.09296875 0.017708333333333333 0.025
0 0.35651041666666666 0.1578125 0.0140625 0.015625
2 0.63984375 0.178125 0.1078125 0.25104166666666666
6 0.4440104166666667 0.18880208333333334 0.021354166666666667 0.022135416666666668
0 0.6380208333333334 0.18932291666666667 0.023958333333333335 0.047135416666666666
3 0.44114583333333335 0.2453125 0.06145833333333333 0.22213541666666667
3 0.5552083333333333 0.26015625 0.06770833333333333 0.15182291666666667
2 0.6479166666666667 0.26901041666666664 0.05520833333333333 0.21015625
2 0.3578125 0.2708333333333333 0.07291666666666667 0.24348958333333334
0 0.5747395833333333 0.31536458333333334 0.0203125 0.03802083333333333
6 0.5895833333333333 0.346875 0.01875 0.041666666666666664
2 0.5479166666666667 0.4630208333333333 0.15729166666666666 0.3072916666666667
6 0.39088541666666665 0.5927083333333333 0.0234375 0.04453125
0 0.6684895833333333 0.6453125 0.022395833333333334 0.061197916666666664
2 0.3494791666666667 0.64765625 0.15416666666666667 0.28229166666666666
3 0.6080729166666666 0.7059895833333333 0.16510416666666666 0.18619791666666666
0 0.75625 0.7356770833333334 0.022916666666666665 0.03802083333333333
5 0.6924479166666667 0.8166666666666667 0.19739583333333333 0.2796875