2 0.6770833333333334 0.9638020833333333 0.07604166666666666 0.07213541666666666
0 0.90859375 0.134375 0.013020833333333334 0.0203125
2 0.8880208333333334 0.13567708333333334 0.06458333333333334 0.09166666666666666
2 0.07005208333333333 0.39348958333333334 0.11510416666666666 0.07213541666666666
2 0.16744791666666667 0.40234375 0.1171875 0.051041666666666666
6 0.13307291666666668 0.4078125 0.0109375 0.01953125
6 0.03515625 0.4088541666666667 0.0140625 0.021354166666666667
2 0.9557291666666666 0.5114583333333333 0.0875 0.0375
6 0.26328125 0.5135416666666667 0.0109375 0.021354166666666667
6 0.2625 0.5143229166666666 0.009375 0.01953125
2 0.2947916666666667 0.51484375 0.12291666666666666 0.05
2 0.49557291666666664 0.5453125 0.049479166666666664 0.12213541666666666
6 0.49192708333333335 0.5927083333333333 0.008854166666666666 0.022135416666666668
6 0.14583333333333334 0.6708333333333333 0.011458333333333333 0.023177083333333334
2 0.18541666666666667 0.6736979166666667 0.125 0.07135416666666666
0 0.97734375 0.74453125 0.009895833333333333 0.018489583333333334
2 0.9424479166666667 0.77265625 0.1140625 0.14895833333333333
0 0.6869791666666667 0.8583333333333333 0.013541666666666667 0.027864583333333335
2 0.9463541666666667 0.8596354166666667 0.05416666666666667 0.10286458333333333
2 0.7020833333333333 0.8763020833333334 0.06666666666666667 0.125
0 0.9580729166666667 0.8921875 0.011979166666666667 0.023177083333333334