5 0.45234375 0.10416666666666667 0.09322916666666667 0.175
0 0.4328125 0.14401041666666667 0.013541666666666667 0.025
6 0.31588541666666664 0.171875 0.013020833333333334 0.028645833333333332
2 0.33984375 0.17369791666666667 0.0640625 0.0953125
3 0.42630208333333336 0.3927083333333333 0.11614583333333334 0.14453125
0 0.39895833333333336 0.42083333333333334 0.011458333333333333 0.028645833333333332
3 0.3421875 0.46067708333333335 0.04791666666666667 0.16015625
2 0.11171875 0.465625 0.0671875 0.159375
6 0.11953125 0.4986979166666667 0.013020833333333334 0.03229166666666667
3 0.24765625 0.5096354166666667 0.0890625 0.11953125
6 0.32838541666666665 0.52265625 0.013020833333333334 0.026822916666666665
2 0.5609375 0.5338541666666666 0.09791666666666667 0.16953125
3 0.35 0.5416666666666666 0.10625 0.0796875
0 0.3098958333333333 0.5630208333333333 0.016666666666666666 0.0296875
0 0.5354166666666667 0.5828125 0.016666666666666666 0.026822916666666665
3 0.36328125 0.6114583333333333 0.1078125 0.09166666666666666
5 0.34401041666666665 0.73203125 0.10885416666666667 0.09713541666666667
0 0.31171875 0.7565104166666666 0.013020833333333334 0.022135416666666668
5 0.5130208333333334 0.8184895833333333 0.052083333333333336 0.10182291666666667
0 0.5052083333333334 0.8255208333333334 0.011458333333333333 0.025