6 0.81875 0.01015625 0.009375 0.016666666666666666
2 0.6330729166666667 0.15546875 0.0765625 0.1203125
0 0.46588541666666666 0.17369791666666667 0.011979166666666667 0.01953125
2 0.3377604166666667 0.017708333333333333 0.028645833333333332 0.03515625
5 0.46979166666666666 0.178125 0.046875 0.051041666666666666
2 0.50546875 0.019010416666666665 0.04114583333333333 0.03802083333333333
6 0.6145833333333334 0.19036458333333334 0.010416666666666666 0.023177083333333334
2 0.30911458333333336 0.0203125 0.0296875 0.040625
2 0.8046875 0.031510416666666666 0.03958333333333333 0.06302083333333333
0 0.5721354166666667 0.4 0.009895833333333333 0.018489583333333334
2 0.6080729166666666 0.4 0.08802083333333334 0.040625
3 0.4432291666666667 0.46848958333333335 0.040625 0.057291666666666664
6 0.34921875 0.46953125 0.0109375 0.0203125
2 0.6359375 0.4856770833333333 0.09583333333333334 0.0546875
2 0.32135416666666666 0.48984375 0.078125 0.06666666666666667
3 0.4309895833333333 0.49895833333333334 0.07760416666666667 0.03515625
0 0.61484375 0.5036458333333333 0.0109375 0.01484375
6 0.15833333333333333 0.5072916666666667 0.0125 0.022135416666666668
2 0.13619791666666667 0.5096354166666667 0.09427083333333333 0.084375
2 0.23697916666666666 0.51953125 0.08020833333333334 0.03515625
6 0.27395833333333336 0.5208333333333334 0.011458333333333333 0.01953125
3 0.49713541666666666 0.5763020833333333 0.0640625 0.034375
0 0.46953125 0.5822916666666667 0.0067708333333333336 0.01484375
0 0.37109375 0.7708333333333334 0.009895833333333333 0.017708333333333333
5 0.36328125 0.796875 0.0390625 0.07135416666666666
0 0.5184895833333333 0.8380208333333333 0.009895833333333333 0.018489583333333334
5 0.5192708333333333 0.8489583333333334 0.03229166666666667 0.07395833333333333