2 0.43776041666666665 0.9583333333333334 0.028645833333333332 0.07395833333333333
0 0.434375 0.978125 0.008333333333333333 0.025
6 0.4515625 0.10286458333333333 0.013541666666666667 0.023958333333333335
3 0.45 0.11197916666666667 0.05625 0.11119791666666666
3 0.503125 0.12786458333333334 0.06979166666666667 0.0703125
2 0.41901041666666666 0.14348958333333334 0.044270833333333336 0.13515625
3 0.37552083333333336 0.20651041666666667 0.040625 0.15
3 0.50390625 0.215625 0.07135416666666666 0.1
0 0.5096354166666667 0.025520833333333333 0.008854166666666666 0.017708333333333333
2 0.4783854166666667 0.25416666666666665 0.0390625 0.09713541666666667
6 0.62265625 0.2635416666666667 0.0109375 0.01953125
3 0.640625 0.2869791666666667 0.052083333333333336 0.07395833333333333
0 0.3059895833333333 0.31484375 0.013020833333333334 0.022135416666666668
6 0.4484375 0.3221354166666667 0.009375 0.0203125
2 0.3171875 0.359375 0.046875 0.15182291666666667
2 0.46953125 0.36953125 0.05364583333333333 0.1296875
6 0.6791666666666667 0.3796875 0.011458333333333333 0.023958333333333335
2 0.6856770833333333 0.42135416666666664 0.0453125 0.17395833333333333
0 0.49375 0.4440104166666667 0.009375 0.021354166666666667
2 0.4984375 0.4875 0.058333333333333334 0.125
2 0.5299479166666666 0.07317708333333334 0.0515625 0.11666666666666667
6 0.496875 0.79765625 0.010416666666666666 0.017708333333333333
2 0.5052083333333334 0.8161458333333333 0.04583333333333333 0.06015625
0 0.4122395833333333 0.08567708333333333 0.013020833333333334 0.01953125