2 0.48020833333333335 0.9333333333333333 0.03229166666666667 0.07395833333333333
0 0.47890625 0.9489583333333333 0.009895833333333333 0.018489583333333334
2 0.428125 0.9559895833333333 0.036458333333333336 0.0546875
0 0.4244791666666667 0.9708333333333333 0.008333333333333333 0.021354166666666667
0 0.73125 0.4005208333333333 0.014583333333333334 0.01953125
6 0.33645833333333336 0.40520833333333334 0.010416666666666666 0.015625
2 0.31328125 0.40963541666666664 0.08489583333333334 0.041666666666666664
2 0.753125 0.4119791666666667 0.10729166666666666 0.05182291666666667
6 0.47994791666666664 0.47630208333333335 0.011979166666666667 0.01953125
2 0.5403645833333334 0.48984375 0.09322916666666667 0.05546875
6 0.18072916666666666 0.4934895833333333 0.013541666666666667 0.0203125
2 0.15026041666666667 0.4953125 0.11510416666666666 0.057291666666666664
2 0.4591145833333333 0.496875 0.07552083333333333 0.07317708333333334
0 0.5036458333333333 0.5013020833333334 0.013541666666666667 0.021354166666666667
2 0.5752604166666667 0.5481770833333334 0.0984375 0.07213541666666666
0 0.5497395833333333 0.5661458333333333 0.013020833333333334 0.023177083333333334
0 0.7348958333333333 0.56796875 0.0125 0.01953125
2 0.765625 0.5768229166666666 0.128125 0.07213541666666666
2 0.2296875 0.584375 0.09895833333333333 0.04635416666666667
6 0.2713541666666667 0.58515625 0.0125 0.0203125