2 0.9833333333333333 0.24557291666666667 0.03229166666666667 0.1078125
6 0.5098958333333333 0.37864583333333335 0.009375 0.016666666666666666
2 0.5455729166666666 0.3809895833333333 0.11302083333333333 0.06380208333333333
2 0.9815104166666667 0.3815104166666667 0.0359375 0.06927083333333334
0 0.9888020833333333 0.39895833333333336 0.0140625 0.0203125
3 0.9138020833333333 0.48046875 0.0765625 0.07604166666666666
2 0.5302083333333333 0.5036458333333333 0.09895833333333333 0.059375
2 0.9705729166666667 0.5036458333333333 0.043229166666666666 0.10546875
0 0.9854166666666667 0.50546875 0.010416666666666666 0.023958333333333335
6 0.5018229166666667 0.5153645833333333 0.011979166666666667 0.01953125
2 0.640625 0.5994791666666667 0.11458333333333333 0.047135416666666666
6 0.60546875 0.6018229166666667 0.0109375 0.016666666666666666
6 0.6088541666666667 0.7135416666666666 0.0125 0.021354166666666667
2 0.60234375 0.7143229166666667 0.05677083333333333 0.09166666666666666