0 0.8130208333333333 0.93203125 0.0125 0.023177083333333334
0 0.9791666666666666 0.21614583333333334 0.013541666666666667 0.01953125
2 0.96875 0.21666666666666667 0.036458333333333336 0.04453125
6 0.8104166666666667 0.25546875 0.010416666666666666 0.016666666666666666
2 0.8458333333333333 0.2565104166666667 0.08020833333333334 0.05182291666666667
6 0.67421875 0.3072916666666667 0.011979166666666667 0.018489583333333334
2 0.6971354166666667 0.31015625 0.1015625 0.03697916666666667
2 0.91875 0.03333333333333333 0.06666666666666667 0.06666666666666667
2 0.7200520833333334 0.35130208333333335 0.1078125 0.03984375
6 0.6989583333333333 0.3578125 0.010416666666666666 0.015625
3 0.9403645833333333 0.35963541666666665 0.04635416666666667 0.05286458333333333
6 0.6088541666666667 0.38619791666666664 0.011458333333333333 0.018489583333333334
2 0.634375 0.390625 0.06666666666666667 0.05364583333333333
2 0.9864583333333333 0.39479166666666665 0.026041666666666668 0.05520833333333333
2 0.9356770833333333 0.41067708333333336 0.07864583333333333 0.10104166666666667
6 0.9197916666666667 0.4231770833333333 0.011458333333333333 0.0203125
6 0.9216145833333333 0.04296875 0.0109375 0.021354166666666667
6 0.7309895833333333 0.4505208333333333 0.011979166666666667 0.01953125
2 0.7317708333333334 0.45286458333333335 0.030208333333333334 0.05364583333333333
2 0.953125 0.4864583333333333 0.040625 0.065625
0 0.9614583333333333 0.4947916666666667 0.0125 0.01953125
2 0.8005208333333333 0.925 0.051041666666666666 0.048177083333333336