2 0.9502604166666667 0.97890625 0.0328125 0.04114583333333333
6 0.9481770833333333 0.98515625 0.015104166666666667 0.026041666666666668
6 0.8411458333333334 0.3375 0.011458333333333333 0.023177083333333334
2 0.846875 0.3528645833333333 0.06354166666666666 0.09453125
2 0.8572916666666667 0.5203125 0.04583333333333333 0.09817708333333333
0 0.790625 0.521875 0.014583333333333334 0.03046875
2 0.7697916666666667 0.52265625 0.09166666666666666 0.0546875
6 0.8544270833333333 0.5447916666666667 0.016145833333333335 0.025
2 0.7979166666666667 0.59296875 0.05 0.05651041666666667
2 0.9419270833333333 0.5953125 0.033854166666666664 0.08697916666666666
0 0.8067708333333333 0.59765625 0.010416666666666666 0.025
6 0.94609375 0.5986979166666667 0.016145833333333335 0.03046875
6 0.8528645833333334 0.5994791666666667 0.0140625 0.026822916666666665
2 0.8440104166666667 0.6052083333333333 0.04114583333333333 0.065625
0 0.6625 0.6083333333333333 0.010416666666666666 0.0203125
2 0.6458333333333334 0.609375 0.08645833333333333 0.040625
0 0.7940104166666667 0.659375 0.0203125 0.026041666666666668
2 0.7825520833333334 0.6625 0.09010416666666667 0.04348958333333333
2 0.8690104166666667 0.6838541666666667 0.0453125 0.115625
6 0.8846354166666667 0.6903645833333333 0.015104166666666667 0.03046875
2 0.8354166666666667 0.7125 0.07395833333333333 0.06380208333333333
6 0.8403645833333333 0.7291666666666666 0.018229166666666668 0.023177083333333334