6 0.4739583333333333 0.3184895833333333 0.009375 0.016666666666666666
0 0.48411458333333335 0.33098958333333334 0.008854166666666666 0.01953125
3 0.4708333333333333 0.3536458333333333 0.051041666666666666 0.16302083333333334
0 0.5645833333333333 0.3614583333333333 0.0125 0.01953125
3 0.45026041666666666 0.37135416666666665 0.059895833333333336 0.12213541666666666
3 0.5786458333333333 0.40182291666666664 0.04791666666666667 0.16484375
6 0.34817708333333336 0.41484375 0.0109375 0.0203125
2 0.33098958333333334 0.45598958333333334 0.06197916666666667 0.15651041666666668
3 0.4046875 0.4661458333333333 0.027083333333333334 0.13619791666666667
0 0.48359375 0.48333333333333334 0.009895833333333333 0.0203125
2 0.4875 0.5236979166666667 0.04583333333333333 0.10833333333333334
3 0.43072916666666666 0.5458333333333333 0.08125 0.09348958333333333
3 0.40546875 0.55 0.0546875 0.14817708333333332
6 0.37109375 0.6786458333333333 0.0140625 0.0203125
2 0.3880208333333333 0.7143229166666667 0.05520833333333333 0.0953125