2 0.7575520833333333 0.2513020833333333 0.08385416666666666 0.10833333333333334
6 0.7497395833333333 0.27265625 0.0109375 0.023177083333333334
2 0.7760416666666666 0.3463541666666667 0.06458333333333334 0.08515625
0 0.9822916666666667 0.03515625 0.013541666666666667 0.023958333333333335
6 0.7505208333333333 0.375 0.011458333333333333 0.018489583333333334
2 0.7127604166666667 0.446875 0.05364583333333333 0.06953125
6 0.7278645833333334 0.45234375 0.0109375 0.023177083333333334
2 0.9747395833333333 0.46380208333333334 0.049479166666666664 0.1265625
2 0.8809895833333333 0.46848958333333335 0.07864583333333333 0.09453125
0 0.8908854166666667 0.48098958333333336 0.013020833333333334 0.021354166666666667
2 0.9682291666666667 0.04869791666666667 0.04791666666666667 0.09713541666666667
0 0.6739583333333333 0.7541666666666667 0.0125 0.023177083333333334
2 0.6619791666666667 0.7559895833333333 0.0625 0.065625