6 0.696875 0.1421875 0.011458333333333333 0.021354166666666667
5 0.6359375 0.15364583333333334 0.06770833333333333 0.11484375
0 0.6466145833333333 0.16302083333333334 0.013020833333333334 0.026041666666666668
2 0.7088541666666667 0.18333333333333332 0.075 0.21484375
2 0.7817708333333333 0.18567708333333333 0.12916666666666668 0.11953125
2 0.86953125 0.20104166666666667 0.11197916666666667 0.190625
0 0.8127604166666667 0.21197916666666666 0.013020833333333334 0.022135416666666668
0 0.9104166666666667 0.24036458333333333 0.013541666666666667 0.023177083333333334
2 0.37083333333333335 0.28020833333333334 0.10625 0.09895833333333333
2 0.8395833333333333 0.2981770833333333 0.09479166666666666 0.08515625
6 0.3453125 0.2994791666666667 0.013541666666666667 0.023177083333333334
6 0.7986979166666667 0.32317708333333334 0.011979166666666667 0.0203125
5 0.44557291666666665 0.33203125 0.0421875 0.11770833333333333
0 0.43203125 0.37734375 0.015104166666666667 0.023177083333333334
0 0.5122395833333333 0.3828125 0.0140625 0.025
2 0.53359375 0.3921875 0.06927083333333334 0.12317708333333334
2 0.7986979166666667 0.56953125 0.06510416666666667 0.0703125
0 0.8140625 0.58984375 0.014583333333333334 0.023958333333333335
6 0.82109375 0.6393229166666666 0.0140625 0.026822916666666665
2 0.8653645833333333 0.6536458333333334 0.11510416666666666 0.090625
6 0.928125 0.8286458333333333 0.015625 0.0203125
5 0.8885416666666667 0.8518229166666667 0.11666666666666667 0.13515625