0 0.925 0.5065104166666666 0.015625 0.023958333333333335
2 0.9263020833333333 0.5083333333333333 0.0484375 0.06484375
2 0.8138020833333334 0.5513020833333333 0.0484375 0.10286458333333333
2 0.4375 0.5822916666666667 0.034375 0.09453125
0 0.4296875 0.5846354166666666 0.011458333333333333 0.021354166666666667
6 0.8278645833333333 0.5875 0.013020833333333334 0.026822916666666665
2 0.6505208333333333 0.596875 0.04791666666666667 0.065625
6 0.6622395833333333 0.5986979166666667 0.013020833333333334 0.021354166666666667
2 0.5408854166666667 0.615625 0.0609375 0.12786458333333334
2 0.5903645833333333 0.625 0.0359375 0.11848958333333333
6 0.55234375 0.6403645833333333 0.0109375 0.025
2 0.7565104166666666 0.6486979166666667 0.0484375 0.13229166666666667
6 0.7604166666666666 0.6684895833333333 0.0125 0.026041666666666668
2 0.6565104166666667 0.6934895833333333 0.0328125 0.07213541666666666
2 0.5494791666666666 0.6981770833333333 0.03333333333333333 0.059375
2 0.48072916666666665 0.70546875 0.051041666666666666 0.090625
6 0.55625 0.7072916666666667 0.0125 0.023958333333333335
6 0.6661458333333333 0.7088541666666667 0.010416666666666666 0.023177083333333334
0 0.48463541666666665 0.71015625 0.009895833333333333 0.023958333333333335
0 0.5158854166666667 0.7434895833333334 0.0109375 0.023958333333333335
2 0.51171875 0.7486979166666666 0.022395833333333334 0.12682291666666667
0 0.5630208333333333 0.7565104166666666 0.011458333333333333 0.027864583333333335
2 0.5606770833333333 0.7578125 0.05572916666666667 0.06953125
6 0.6901041666666666 0.7606770833333333 0.0125 0.025
2 0.68359375 0.7611979166666667 0.049479166666666664 0.11666666666666667
2 0.45364583333333336 0.8177083333333334 0.053125 0.109375
0 0.4640625 0.84453125 0.014583333333333334 0.0203125