0 0.634375 0.4953125 0.021875 0.03333333333333333
2 0.6052083333333333 0.5036458333333333 0.09479166666666666 0.10182291666666667
2 0.6447916666666667 0.5440104166666667 0.08854166666666667 0.06770833333333333
2 0.56328125 0.5760416666666667 0.04010416666666667 0.07604166666666666
6 0.56875 0.5760416666666667 0.016666666666666666 0.03333333333333333
6 0.6151041666666667 0.6125 0.017708333333333333 0.028645833333333332
2 0.596875 0.62265625 0.0625 0.09348958333333333
0 0.31875 0.659375 0.019791666666666666 0.03515625
5 0.3546875 0.6713541666666667 0.1 0.11484375
0 0.7127604166666667 0.7052083333333333 0.015104166666666667 0.028645833333333332
3 0.5138020833333333 0.7213541666666666 0.0515625 0.09635416666666667
3 0.6635416666666667 0.72734375 0.13125 0.11380208333333333
0 0.8611979166666667 0.7528645833333333 0.016145833333333335 0.026041666666666668
2 0.6736979166666667 0.78046875 0.1484375 0.14270833333333333
0 0.7369791666666666 0.7856770833333333 0.016666666666666666 0.03229166666666667
5 0.8135416666666667 0.7856770833333333 0.146875 0.10833333333333334
2 0.5661458333333333 0.7986979166666667 0.042708333333333334 0.06380208333333333
6 0.5677083333333334 0.7989583333333333 0.01875 0.027864583333333335