2 0.23619791666666667 0.96640625 0.04114583333333333 0.06614583333333333
0 0.23046875 0.9888020833333333 0.009895833333333333 0.022135416666666668
0 0.025 0.2643229166666667 0.0125 0.023177083333333334
2 0.0375 0.28151041666666665 0.04791666666666667 0.057291666666666664
2 0.17265625 0.35833333333333334 0.05260416666666667 0.06484375
6 0.18229166666666666 0.3619791666666667 0.011458333333333333 0.023958333333333335
0 0.0375 0.37395833333333334 0.016666666666666666 0.027864583333333335
2 0.030729166666666665 0.3763020833333333 0.06145833333333333 0.06380208333333333
2 0.27109375 0.38984375 0.050520833333333334 0.0703125
6 0.2796875 0.39401041666666664 0.014583333333333334 0.025
6 0.23828125 0.453125 0.016145833333333335 0.021354166666666667
2 0.21041666666666667 0.4635416666666667 0.1 0.06015625
2 0.27291666666666664 0.48203125 0.08020833333333334 0.065625
2 0.015625 0.4856770833333333 0.03125 0.051041666666666666
6 0.2791666666666667 0.4940104166666667 0.011458333333333333 0.023177083333333334
6 0.17265625 0.54296875 0.011979166666666667 0.021354166666666667
2 0.3307291666666667 0.5458333333333333 0.03958333333333333 0.065625
2 0.15625 0.5528645833333333 0.10104166666666667 0.05364583333333333
6 0.33567708333333335 0.559375 0.0171875 0.022135416666666668
2 0.022135416666666668 0.565625 0.044270833333333336 0.040625
2 0.15104166666666666 0.7130208333333333 0.096875 0.048177083333333336
6 0.16223958333333333 0.7171875 0.011979166666666667 0.01953125