2 0.5127604166666667 0.13880208333333333 0.049479166666666664 0.030989583333333334
2 0.5083333333333333 0.17994791666666668 0.050520833333333334 0.017708333333333333
2 0.5182291666666666 0.21614583333333334 0.05364583333333333 0.025520833333333333
2 0.5153645833333333 0.26171875 0.044270833333333336 0.027864583333333335
2 0.5565104166666667 0.32109375 0.06197916666666667 0.02890625
2 0.5455729166666666 0.38229166666666664 0.06614583333333333 0.03567708333333333
2 0.47552083333333334 0.4432291666666667 0.06380208333333333 0.03333333333333333
3 0.45338541666666665 0.5328125 0.07552083333333333 0.045572916666666664
3 0.396875 0.6388020833333333 0.09114583333333333 0.0421875
3 0.3502604166666667 0.7817708333333333 0.11380208333333333 0.061197916666666664
2 0.01328125 0.08567708333333333 0.0265625 0.0296875