3 0.4783854166666667 0.134375 0.050520833333333334 0.030989583333333334
3 0.47239583333333335 0.16953125 0.05260416666666667 0.020052083333333335
2 0.03619791666666667 0.17005208333333333 0.05260416666666667 0.04895833333333333
3 0.47369791666666666 0.21432291666666667 0.07005208333333333 0.024479166666666666
2 0.5544270833333333 0.2838541666666667 0.08619791666666667 0.034375
2 0.7270833333333333 0.35494791666666664 0.07317708333333334 0.043229166666666666
2 0.6526041666666667 0.4388020833333333 0.075 0.04453125
3 0.4421875 0.49947916666666664 0.09322916666666667 0.05
2 0.40598958333333335 0.5877604166666667 0.08932291666666667 0.04010416666666667
2 0.05911458333333333 0.06901041666666667 0.028125 0.030989583333333334
2 0.3625 0.69609375 0.10755208333333334 0.043229166666666666
2 0.32864583333333336 0.87890625 0.12994791666666666 0.05546875