3 0.36302083333333335 0.13567708333333334 0.061197916666666664 0.0265625
2 0.4921875 0.1765625 0.03177083333333333 0.03567708333333333
3 0.39010416666666664 0.18098958333333334 0.07239583333333334 0.020052083333333335
3 0.43854166666666666 0.18671875 0.034375 0.04010416666666667
3 0.4940104166666667 0.23046875 0.033854166666666664 0.043229166666666666
3 0.4578125 0.3572916666666667 0.07447916666666667 0.038802083333333334
3 0.49895833333333334 0.4049479166666667 0.06822916666666666 0.03229166666666667
3 0.546875 0.48333333333333334 0.07239583333333334 0.0421875
3 0.6018229166666667 0.5739583333333333 0.0875 0.06901041666666667
3 0.6388020833333333 0.6984375 0.10494791666666667 0.06901041666666667
3 0.7372395833333333 0.8309895833333333 0.13177083333333334 0.04895833333333333
2 0.41510416666666666 0.1015625 0.025 0.043229166666666666