2 0.453125 0.9278645833333333 0.15 0.08671875
2 0.45286458333333335 0.69765625 0.12057291666666667 0.07994791666666666
2 0.4578125 0.5856770833333333 0.12057291666666667 0.059895833333333336
2 0.45651041666666664 0.45989583333333334 0.10677083333333333 0.053385416666666664
2 0.45 0.3611979166666667 0.09244791666666667 0.051041666666666666
2 0.43307291666666664 0.2721354166666667 0.08619791666666667 0.059895833333333336
2 0.4361979166666667 0.20833333333333334 0.07239583333333334 0.045572916666666664
2 0.4630208333333333 0.13046875 0.07005208333333333 0.04765625
2 0.4973958333333333 0.0421875 0.07994791666666666 0.017708333333333333
2 0.4796875 0.09713541666666667 0.06692708333333333 0.027864583333333335
2 0.9697916666666667 0.12057291666666667 0.026822916666666665 0.058854166666666666
2 0.9911458333333333 0.09270833333333334 0.016145833333333335 0.04765625