2 0.3997395833333333 0.8893229166666666 0.10677083333333333 0.0765625
2 0.3736979166666667 0.7260416666666667 0.1 0.08333333333333333
2 0.44114583333333335 0.6 0.10989583333333333 0.04453125
2 0.38385416666666666 0.50390625 0.10755208333333334 0.05
2 0.3614583333333333 0.41432291666666665 0.08177083333333333 0.037760416666666664
2 0.26927083333333335 0.3455729166666667 0.07760416666666667 0.053385416666666664
2 0.46432291666666664 0.2984375 0.09114583333333333 0.03229166666666667
2 0.4192708333333333 0.24322916666666666 0.07760416666666667 0.04453125
2 0.5015625 0.2078125 0.053125 0.03567708333333333
2 0.5408854166666667 0.16822916666666668 0.06927083333333334 0.027864583333333335
2 0.006510416666666667 0.12161458333333333 0.013020833333333334 0.034375