2 0.7046875 0.15677083333333333 0.043229166666666666 0.02890625
2 0.059375 0.18567708333333333 0.0375 0.04453125
2 0.6815104166666667 0.19453125 0.043229166666666666 0.03567708333333333
2 0.6505208333333333 0.22161458333333334 0.054947916666666666 0.045572916666666664
0 0.6513020833333333 0.27057291666666666 0.011197916666666667 0.012239583333333333
2 0.6669270833333333 0.27786458333333336 0.04244791666666667 0.030989583333333334
3 0.5151041666666667 0.30104166666666665 0.07994791666666666 0.0421875
2 0.0375 0.3221354166666667 0.054947916666666666 0.053385416666666664
6 0.017447916666666667 0.34010416666666665 0.008854166666666666 0.01328125
2 0.5411458333333333 0.3578125 0.075 0.04895833333333333
0 0.5692708333333333 0.4239583333333333 0.009895833333333333 0.016666666666666666
2 0.5916666666666667 0.44765625 0.05807291666666667 0.07786458333333333
0 0.5799479166666667 0.5166666666666667 0.008854166666666666 0.01328125
2 0.6 0.5216145833333333 0.07239583333333334 0.038802083333333334
2 0.6677083333333333 0.6411458333333333 0.11432291666666666 0.04895833333333333
3 0.6705729166666666 0.8005208333333333 0.14635416666666667 0.08333333333333333