2 0.47161458333333334 0.11223958333333334 0.06302083333333333 0.04010416666666667
2 0.41302083333333334 0.14895833333333333 0.058854166666666666 0.03567708333333333
2 0.38645833333333335 0.190625 0.06302083333333333 0.03671875
2 0.01875 0.21119791666666668 0.0375 0.03333333333333333
3 0.36041666666666666 0.23046875 0.07447916666666667 0.03671875
2 0.32135416666666666 0.28619791666666666 0.04244791666666667 0.029947916666666668
2 0.2989583333333333 0.34010416666666665 0.06197916666666667 0.04453125
2 0.27838541666666666 0.41328125 0.06432291666666666 0.0578125
2 0.23307291666666666 0.5122395833333333 0.08125 0.051041666666666666
3 0.1859375 0.6299479166666667 0.11927083333333334 0.061197916666666664
2 0.1484375 0.06901041666666667 0.020572916666666666 0.03567708333333333
2 0.1234375 0.76953125 0.13932291666666666 0.07447916666666667