2 0.1015625 0.11822916666666666 0.03307291666666667 0.025520833333333333
2 0.5596354166666667 0.11901041666666666 0.04192708333333333 0.03567708333333333
2 0.5458333333333333 0.15729166666666666 0.054427083333333334 0.03229166666666667
2 0.5419270833333333 0.21171875 0.05130208333333333 0.034375
2 0.4942708333333333 0.24609375 0.061197916666666664 0.05
3 0.5393229166666667 0.334375 0.09114583333333333 0.0421875
2 0.41510416666666666 0.36770833333333336 0.06510416666666667 0.053385416666666664
2 0.40338541666666666 0.44609375 0.084375 0.04114583333333333
2 0.3151041666666667 0.5255208333333333 0.059895833333333336 0.06666666666666667
2 0.25807291666666665 0.6361979166666667 0.10494791666666667 0.08567708333333333
2 0.18098958333333334 0.7627604166666667 0.08072916666666667 0.09010416666666667