2 0.103125 0.10494791666666667 0.034895833333333334 0.045572916666666664
2 0.0640625 0.054947916666666666 0.028125 0.038802083333333334
2 0.03307291666666667 0.045572916666666664 0.013802083333333333 0.030989583333333334
2 0.017447916666666667 0.215625 0.034895833333333334 0.0421875
2 0.028385416666666666 0.33828125 0.045572916666666664 0.04114583333333333
2 0.5908854166666667 0.7828125 0.09557291666666666 0.0921875
2 0.6177083333333333 0.6471354166666666 0.09557291666666666 0.054427083333333334
2 0.615625 0.5450520833333333 0.06614583333333333 0.061197916666666664
2 0.6393229166666666 0.45 0.05260416666666667 0.04895833333333333
2 0.5973958333333333 0.3848958333333333 0.07005208333333333 0.034375
2 0.6221354166666667 0.3260416666666667 0.053125 0.05
2 0.6575520833333334 0.27786458333333336 0.059895833333333336 0.04010416666666667
2 0.6700520833333333 0.22734375 0.05 0.04114583333333333