6 0.5239583333333333 0.34270833333333334 0.0067708333333333336 0.009895833333333333
2 0.5104166666666666 0.34322916666666664 0.044270833333333336 0.037760416666666664
6 0.5484375 0.3671875 0.0067708333333333336 0.009895833333333333
2 0.5328125 0.37447916666666664 0.050520833333333334 0.037760416666666664
2 0.5596354166666667 0.39557291666666666 0.05182291666666667 0.0265625
6 0.5963541666666666 0.4317708333333333 0.007552083333333333 0.009895833333333333
2 0.5791666666666667 0.43671875 0.053125 0.02890625
2 0.6544270833333333 0.47734375 0.04635416666666667 0.04114583333333333
6 0.6572916666666667 0.5161458333333333 0.010677083333333334 0.012239583333333333
2 0.6369791666666667 0.5177083333333333 0.05755208333333333 0.04453125
6 0.6658854166666667 0.5799479166666667 0.010677083333333334 0.011197916666666667
2 0.6458333333333334 0.5822916666666667 0.06067708333333333 0.03567708333333333
0 0.6875 0.6559895833333333 0.008854166666666666 0.014322916666666666
2 0.6598958333333333 0.6666666666666666 0.07239583333333334 0.04010416666666667
2 0.7106770833333333 0.7544270833333333 0.09375 0.059895833333333336
2 0.7286458333333333 0.8651041666666667 0.1 0.05234375