2 0.09401041666666667 0.3494791666666667 0.044270833333333336 0.019010416666666665
2 0.20651041666666667 0.3567708333333333 0.05572916666666667 0.015625
6 0.20052083333333334 0.38177083333333334 0.011197916666666667 0.012239583333333333
2 0.22135416666666666 0.38385416666666666 0.05625 0.02109375
6 0.3971354166666667 0.3848958333333333 0.015625 0.027864583333333335
2 0.4231770833333333 0.4010416666666667 0.08385416666666666 0.05546875
2 0.30911458333333336 0.40390625 0.049479166666666664 0.025520833333333333
0 0.8497395833333333 0.4427083333333333 0.020572916666666666 0.04114583333333333
2 0.5091145833333334 0.4544270833333333 0.08802083333333334 0.04010416666666667
2 0.69375 0.45989583333333334 0.09010416666666667 0.04010416666666667
2 0.8609375 0.4622395833333333 0.06432291666666666 0.07109375