0 0.16171875 0.09296875 0.009895833333333333 0.01953125
2 0.1703125 0.09895833333333333 0.03854166666666667 0.0703125
0 0.3390625 0.10104166666666667 0.008333333333333333 0.018489583333333334
2 0.4361979166666667 0.153125 0.08177083333333333 0.06380208333333333
0 0.41041666666666665 0.15729166666666666 0.009375 0.016666666666666666
2 0.21614583333333334 0.01953125 0.059375 0.038802083333333334
0 0.3888020833333333 0.021354166666666667 0.0109375 0.0203125
2 0.33619791666666665 0.2838541666666667 0.0421875 0.10833333333333334
0 0.32005208333333335 0.30703125 0.008854166666666666 0.01953125
0 0.63828125 0.3328125 0.009895833333333333 0.015625
5 0.6651041666666667 0.3536458333333333 0.1 0.0703125
2 0.40651041666666665 0.0375 0.05260416666666667 0.075
2 0.7315104166666667 0.39427083333333335 0.0578125 0.11666666666666667
2 0.6723958333333333 0.04114583333333333 0.0359375 0.06015625
2 0.4705729166666667 0.04296875 0.07135416666666666 0.05651041666666667
6 0.7244791666666667 0.4315104166666667 0.009375 0.016666666666666666
2 0.39765625 0.43645833333333334 0.07864583333333333 0.07317708333333334
0 0.26276041666666666 0.4393229166666667 0.009895833333333333 0.01953125
0 0.36380208333333336 0.44583333333333336 0.009895833333333333 0.015625
6 0.6658854166666667 0.047135416666666666 0.0109375 0.018489583333333334
2 0.2625 0.48984375 0.025 0.1796875
0 0.44114583333333335 0.05286458333333333 0.010416666666666666 0.016666666666666666
6 0.11119791666666666 0.6083333333333333 0.008854166666666666 0.01484375
3 0.14010416666666667 0.6221354166666667 0.0671875 0.06015625
2 0.44765625 0.64453125 0.09114583333333333 0.048177083333333336
6 0.41770833333333335 0.6471354166666666 0.010416666666666666 0.022135416666666668
2 0.4739583333333333 0.7161458333333334 0.06979166666666667 0.08984375
6 0.44375 0.7296875 0.010416666666666666 0.016666666666666666
6 0.6255208333333333 0.07604166666666666 0.009375 0.01484375
2 0.6270833333333333 0.08046875 0.028125 0.061197916666666664
2 0.3359375 0.08255208333333333 0.029166666666666667 0.09166666666666666
0 0.196875 0.008854166666666666 0.011458333333333333 0.017708333333333333
5 0.5815104166666667 0.8346354166666666 0.0640625 0.051041666666666666
6 0.55390625 0.8369791666666667 0.009895833333333333 0.016666666666666666
5 0.24453125 0.8856770833333333 0.05677083333333333 0.05651041666666667
0 0.22265625 0.9046875 0.0109375 0.016666666666666666