0 0.33932291666666664 0.10052083333333334 0.0109375 0.01953125
2 0.46015625 0.14401041666666667 0.08385416666666666 0.06380208333333333
0 0.43515625 0.15104166666666666 0.0109375 0.018489583333333334
2 0.35 0.2375 0.057291666666666664 0.115625
0 0.33098958333333334 0.2864583333333333 0.009895833333333333 0.015625
0 0.6690104166666667 0.3416666666666667 0.009895833333333333 0.016666666666666666
2 0.6736979166666667 0.034895833333333334 0.043229166666666666 0.06979166666666667
5 0.6921875 0.36015625 0.09479166666666666 0.0703125
2 0.74921875 0.38984375 0.0578125 0.12213541666666666
6 0.7244791666666667 0.42265625 0.0125 0.017708333333333333
0 0.38776041666666666 0.42682291666666666 0.0109375 0.016666666666666666
2 0.41953125 0.42682291666666666 0.09010416666666667 0.08151041666666667
6 0.6692708333333334 0.046875 0.0125 0.015625
0 0.48385416666666664 0.047135416666666666 0.010416666666666666 0.018489583333333334
0 0.26145833333333335 0.49713541666666666 0.011458333333333333 0.018489583333333334
2 0.5010416666666667 0.05286458333333333 0.090625 0.031510416666666666
2 0.27239583333333334 0.5286458333333334 0.040625 0.12604166666666666
6 0.14088541666666668 0.609375 0.009895833333333333 0.016666666666666666
3 0.17109375 0.6260416666666667 0.08697916666666666 0.06848958333333334
6 0.44609375 0.6388020833333333 0.0109375 0.016666666666666666
2 0.4778645833333333 0.64453125 0.09322916666666667 0.05
6 0.6268229166666667 0.06848958333333334 0.008854166666666666 0.01484375
2 0.48151041666666666 0.7208333333333333 0.0703125 0.06380208333333333
6 0.4515625 0.7239583333333334 0.011458333333333333 0.018489583333333334
2 0.6330729166666667 0.07682291666666667 0.03697916666666667 0.05546875
2 0.3333333333333333 0.0828125 0.035416666666666666 0.075
6 0.5614583333333333 0.83515625 0.010416666666666666 0.016666666666666666
5 0.5927083333333333 0.83984375 0.06875 0.05
0 0.22447916666666667 0.890625 0.010416666666666666 0.0203125
5 0.25 0.8911458333333333 0.090625 0.03619791666666667
0 0.16432291666666668 0.09166666666666666 0.009895833333333333 0.0203125
2 0.178125 0.09166666666666666 0.04895833333333333 0.07395833333333333