2 0.29973958333333334 0.10130208333333333 0.044270833333333336 0.065625
0 0.82734375 0.10885416666666667 0.0109375 0.021354166666666667
0 0.30833333333333335 0.10963541666666667 0.011458333333333333 0.01953125
0 0.11145833333333334 0.12213541666666666 0.010416666666666666 0.016666666666666666
5 0.8473958333333333 0.14869791666666668 0.07708333333333334 0.10651041666666666
2 0.8059895833333334 0.25885416666666666 0.0640625 0.09713541666666667
3 0.7294270833333333 0.28854166666666664 0.0546875 0.09166666666666666
6 0.784375 0.290625 0.009375 0.018489583333333334
0 0.7091145833333333 0.32395833333333335 0.0109375 0.0203125
0 0.74140625 0.33151041666666664 0.013020833333333334 0.016666666666666666
2 0.7450520833333333 0.33619791666666665 0.019270833333333334 0.04635416666666667
2 0.78125 0.34453125 0.065625 0.06848958333333334
3 0.6966145833333334 0.35130208333333335 0.059895833333333336 0.11953125
6 0.75390625 0.36796875 0.008854166666666666 0.01953125
3 0.7830729166666667 0.39895833333333336 0.044270833333333336 0.08333333333333333
0 0.7239583333333334 0.4036458333333333 0.009375 0.018489583333333334
2 0.60703125 0.04296875 0.0234375 0.03229166666666667
0 0.7713541666666667 0.43020833333333336 0.010416666666666666 0.028645833333333332
3 0.7997395833333333 0.45416666666666666 0.06614583333333333 0.084375
6 0.7736979166666667 0.47213541666666664 0.009895833333333333 0.016666666666666666
6 0.6111979166666667 0.04895833333333333 0.008854166666666666 0.01484375
2 0.5796875 0.05364583333333333 0.053125 0.06848958333333334
5 0.5216145833333333 0.55234375 0.04010416666666667 0.075
0 0.52890625 0.578125 0.008854166666666666 0.01953125
6 0.59375 0.06979166666666667 0.009375 0.013802083333333333
6 0.70859375 0.69453125 0.0078125 0.016666666666666666
5 0.7002604166666667 0.71953125 0.04010416666666667 0.08880208333333334
2 0.50859375 0.07604166666666666 0.0484375 0.07864583333333333
0 0.5184895833333333 0.08984375 0.009895833333333333 0.016666666666666666
2 0.12317708333333334 0.08984375 0.03802083333333333 0.12786458333333334